0.05872121	5093.02366666667
0.06217522	5141.5663
0.06562919	5062.63716666667
0.06908314	5090.77946666667
0.07253705	5080.37443333333
0.07599092	5095.7735
0.07944476	5102.58133333333
0.08289856	5082.5641
0.08635231	5117.10083333333
0.08980602	5106.14413333333
0.09325969	5104.08146666667
0.09671331	5096.6153
0.1001669	5109.58246666667
0.1036204	5114.1667
0.1070739	5103.34
0.1105273	5112.10426666667
0.1139807	5103.30756666667
0.117434	5120.11226666667
0.1208872	5117.22443333333
0.1243404	5111.70383333333
0.1277936	5111.23873333333
0.1312466	5116.5838
0.1346996	5113.74966666667
0.1381525	5116.86696666667
0.1416054	5114.5539
0.1450582	5110.02403333333
0.1485109	5128.60933333333
0.1519636	5125.9204
0.1554161	5123.56756666667
0.1588686	5126.06833333333
0.162321	5118.8261
0.1657734	5120.16613333333
0.1692256	5122.235
0.1726778	5121.64643333333
0.1761299	5122.1245
0.1795819	5118.38593333333
0.1830338	5126.22746666667
0.1864856	5128.08026666667
0.1899373	5130.02173333333
0.1933889	5130.69816666667
0.1968405	5123.0619
0.2002919	5124.06816666667
0.2037432	5133.11076666667
0.2071945	5124.72366666667
0.2106456	5130.6559
0.2140967	5131.2141
0.2175476	5121.95086666667
0.2209984	5136.75313333333
0.2244491	5131.36463333333
0.2278997	5134.8547
0.2313501	5132.28743333333
0.2348005	5131.37123333333
0.2382507	5133.39163333333
0.2417009	5127.40366666667
0.2451509	5125.3003
0.2486008	5137.29313333333
0.2520505	5135.8211
0.2555002	5145.05076666667
0.2589497	5135.46416666667
0.2623991	5136.4952
0.2658483	5134.97476666667
0.2692975	5142.40013333333
0.2727464	5132.0993
0.2761953	5143.28716666667
0.279644	5137.08703333333
0.2830926	5139.43763333333
0.286541	5129.66656666667
0.2899893	5132.98583333333
0.2934375	5135.6719
0.2968855	5134.85896666667
0.3003333	5139.71446666667
0.303781	5134.27396666667
0.3072286	5137.19973333333
0.310676	5141.32543333333
0.3141232	5138.12193333333
0.3175703	5138.03016666667
0.3210173	5138.5742
0.3244641	5135.70566666667
0.3279107	5140.04933333333
0.3313572	5139.9608
0.3348034	5134.38453333333
0.3382496	5135.841
0.3416955	5138.8161
0.3451413	5120.9174
0.3485869	5132.07623333333
0.3520324	5132.2691
0.3554777	5125.572
0.3589227	5127.06666666667
0.3623677	5117.8338
0.3658124	5120.4322
0.369257	5124.0388
0.3727013	5120.46446666667
0.3761455	5120.36426666667
0.3795895	5121.58953333333
0.3830333	5119.72193333333
0.3864769	5126.21333333333
0.3899204	5115.5633
0.3933636	5119.42516666667
0.3968067	5113.20033333333
0.4002496	5115.37426666667
0.4036922	5116.18376666667
0.4071347	5109.7406
0.4105769	5114.09963333333
0.414019	5104.1163
0.4174608	5099.92856666667
0.4209024	5102.10893333333
0.4243439	5100.03573333333
0.4277851	5099.61766666667
0.4312261	5096.82813333333
0.4346669	5096.7277
0.4381075	5096.4676
0.4415478	5088.61783333333
0.444988	5088.27616666667
0.4484279	5085.04003333333
0.4518676	5077.30886666667
0.4553071	5077.05876666667
0.4587464	5075.31366666667
0.4621854	5075.11726666667
0.4656242	5073.51573333333
0.4690627	5075.48293333333
0.4725011	5065.45303333333
0.4759392	5057.76356666667
0.4793771	5062.85346666667
0.4828147	5057.03513333333
0.4862521	5049.41306666667
0.4896893	5050.422
0.4931262	5046.61603333333
0.4965629	5045.2283
0.4999993	5038.9495
0.5034355	5037.9461
0.5068714	5039.78743333333
0.5103071	5027.02643333333
0.5137425	5030.42963333333
0.5171777	5026.6855
0.5206126	5022.96083333333
0.5240473	5015.13936666667
0.5274817	5010.18553333333
0.5309159	5016.62566666667
0.5343498	5006.47243333333
0.5377834	4996.5664
0.5412167	4997.75733333333
0.5446498	4990.45463333333
0.5480827	4991.6636
0.5515152	4990.55816666667
0.5549475	4987.02656666667
0.5583795	4984.33496666667
0.5618113	4974.7002
0.5652427	4970.0794
0.5686739	4967.82313333333
0.5721048	4967.9216
0.5755354	4961.38253333333
0.5789658	4950.27396666667
0.5823958	4952.54986666667
0.5858256	4949.21573333333
0.589255	4945.12233333333
0.5926843	4935.1778
0.5961131	4934.73933333333
0.5995418	4935.86996666667
0.6029701	4930.1347
0.6063981	4919.15793333333
0.6098258	4923.79526666667
0.6132532	4916.41256666667
0.6166803	4911.4078
0.6201072	4910.44656666667
0.6235337	4901.8099
0.6269599	4894.80936666667
0.6303858	4891.18193333333
0.6338114	4895.1852
0.6372366	4882.9445
0.6406616	4885.18176666667
0.6440862	4877.71036666667
0.6475106	4875.72866666667
0.6509345	4867.35736666667
0.6543582	4859.51993333333
0.6577817	4858.93973333333
0.6612047	4852.4592
0.6646275	4852.3885
0.6680498	4847.37146666667
0.6714719	4842.91783333333
0.6748936	4835.62886666667
0.6783151	4836.50916666667
0.6817361	4828.88803333333
0.6851569	4823.2266
0.6885773	4821.55043333333
0.6919974	4809.20816666667
0.6954171	4814.99966666667
0.6988365	4809.78973333333
0.7022555	4800.91496666667
0.7056743	4803.25823333333
0.7090927	4792.73653333333
0.7125106	4790.13116666667
0.7159283	4787.9422
0.7193456	4778.52243333333
0.7227626	4777.9242
0.7261792	4771.3827
0.7295955	4767.13396666667
0.7330114	4767.11996666667
0.736427	4755.52843333333
0.7398421	4752.7873
0.743257	4753.15056666667
0.7466714	4748.10683333333
0.7500855	4741.2658
0.7534993	4739.9601
0.7569126	4736.9804
0.7603257	4732.0868
0.7637383	4732.62293333333
0.7671505	4721.3661
0.7705624	4721.8327
0.7739739	4712.6384
0.7773851	4711.22216666667
0.7807958	4699.7354
0.7842062	4700.57236666667
0.7876161	4696.72343333333
0.7910257	4689.47093333333
0.794435	4688.41856666667
0.7978438	4679.17103333333
0.8012522	4679.3541
0.8046603	4673.55503333333
0.8080679	4670.26986666667
0.8114753	4663.8604
0.814882	4653.9913
0.8182886	4652.46473333333
0.8216946	4646.1457
0.8251004	4640.57336666667
0.8285056	4638.1445
0.8319104	4636.1846
0.8353149	4633.11516666667
0.838719	4627.17046666667
0.8421227	4620.95973333333
0.8455259	4618.4967
0.8489287	4611.48356666667
0.8523312	4611.0481
0.8557332	4609.41066666667
0.8591347	4601.0916
0.8625359	4600.42876666667
0.8659367	4593.8536
0.8693371	4592.9334
0.8727369	4585.66796666667
0.8761364	4587.9861
0.8795356	4583.09796666667
0.8829342	4573.8126
0.8863324	4573.68026666667
0.8897301	4566.29286666667
0.8931275	4559.0461
0.8965244	4553.51443333333
0.8999209	4552.88583333333
0.903317	4547.54183333333
0.9067126	4544.0968
0.9101078	4545.6241
0.9135025	4535.0153
0.9168968	4535.5373
0.9202906	4528.08216666667
0.9236841	4527.4854
0.9270771	4526.5716
0.9304696	4520.4577
0.9338616	4520.99763333333
0.9372532	4516.05903333333
0.9406444	4516.39646666667
0.9440351	4511.96216666667
0.9474253	4511.37083333333
0.9508151	4509.55796666667
0.9542044	4503.78193333333
0.9575934	4503.02286666667
0.9609817	4502.5747
0.9643697	4502.25656666667
0.9677572	4497.7081
0.9711442	4495.86743333333
0.9745308	4489.80636666667
0.9779168	4492.51426666667
0.9813024	4485.3747
0.9846876	4486.84656666667
0.9880723	4485.00443333333
0.9914563	4492.15406666667
0.9948401	4483.67466666667
0.9982234	4482.55203333333
1.001606	4483.33906666667
1.004988	4478.05013333333
1.00837	4473.4617
1.011751	4472.87803333333
1.015132	4474.38606666667
1.018513	4470.5463
1.021892	4475.59786666667
1.025272	4465.3571
1.028651	4468.06466666667
1.032029	4468.6259
1.035407	4467.1549
1.038784	4468.9114
1.042161	4468.08873333333
1.045537	4462.90876666667
1.048913	4465.5968
1.052289	4463.07953333333
1.055664	4466.70193333333
1.059038	4464.6926
1.062412	4463.04223333333
1.065785	4462.48936666667
1.069158	4465.64283333333
1.07253	4464.42203333333
1.075902	4463.1362
1.079273	4463.76693333333
1.082644	4460.23226666667
1.086014	4462.13323333333
1.089384	4467.13163333333
1.092753	4464.7303
1.096122	4470.3987
1.09949	4464.51563333333
1.102858	4466.11973333333
1.106225	4470.97376666667
1.109591	4469.93863333333
1.112957	4468.76456666667
1.116323	4470.28653333333
1.119688	4473.13703333333
1.123052	4479.19653333333
1.126416	4473.4885
1.12978	4476.016
1.133143	4479.05436666667
1.136505	4477.6535
1.139867	4476.20956666667
1.143228	4485.5177
1.146589	4484.97003333333
1.149949	4486.69736666667
1.153308	4490.8775
1.156667	4492.19273333333
1.160026	4492.72873333333
1.163384	4492.63406666667
1.166741	4499.00066666667
1.170098	4500.18456666667
1.173454	4503.90416666667
1.17681	4504.1248
1.180165	4508.5794
1.18352	4509.7747
1.186874	4512.41006666667
1.190227	4516.71213333333
1.19358	4516.61326666667
1.196932	4522.17626666667
1.200284	4525.67166666667
1.203635	4527.84253333333
1.206986	4534.80363333333
1.210336	4535.8031
1.213686	4543.47783333333
1.217035	4542.74506666667
1.220383	4543.89733333333
1.223731	4550.7906
1.227078	4554.45356666667
1.230424	4555.19256666667
1.23377	4559.68433333333
1.237116	4565.5179
1.240461	4568.55803333333
1.243805	4575.1619
1.247149	4580.79816666667
1.250492	4584.69666666667
1.253834	4591.34286666667
1.257176	4596.00736666667
1.260517	4597.6633
1.263858	4605.4945
1.267198	4611.3381
1.270538	4612.4058
1.273877	4621.77896666667
1.277215	4623.44776666667
1.280553	4633.52393333333
1.28389	4633.1337
1.287226	4643.74303333333
1.290562	4647.27506666667
1.293898	4655.58533333333
1.297232	4662.7142
1.300567	4666.82766666667
1.3039	4673.1072
1.307233	4678.13056666667
1.310565	4683.32286666667
1.313897	4691.21306666667
1.317228	4699.12433333333
1.320558	4705.57753333333
1.323888	4712.1171
1.327217	4723.54213333333
1.330546	4729.31176666667
1.333874	4736.876
1.337201	4744.76956666667
1.340527	4747.70093333333
1.343854	4758.6452
1.347179	4768.18503333333
1.350504	4778.8683
1.353828	4782.655
1.357151	4795.11183333333
1.360474	4804.2451
1.363796	4812.24653333333
1.367118	4817.9067
1.370439	4829.9041
1.373759	4836.6344
1.377079	4842.6983
1.380398	4856.42866666667
1.383716	4860.27883333333
1.387034	4867.77273333333
1.390351	4880.79543333333
1.393668	4892.78616666667
1.396983	4899.9878
1.400299	4910.642
1.403613	4922.95823333333
1.406927	4933.45313333333
1.41024	4946.59703333333
1.413553	4955.81663333333
1.416865	4970.0246
1.420176	4980.30886666667
1.423486	4994.6281
1.426796	4997.963
1.430105	5013.9913
1.433414	5025.41123333333
1.436722	5039.4244
1.440029	5053.52366666667
1.443336	5064.8934
1.446642	5076.19986666667
1.449947	5086.3605
1.453251	5096.1933
1.456555	5111.26743333333
1.459858	5124.8151
1.463161	5133.6865
1.466463	5147.5549
1.469764	5155.8939
1.473065	5162.40106666667
1.476364	5179.01433333333
1.479663	5185.49586666667
1.482962	5197.96976666667
1.48626	5212.52666666667
1.489557	5229.2822
1.492853	5236.88003333333
1.496149	5246.85033333333
1.499444	5262.38663333333
1.502738	5275.16556666667
1.506032	5286.7829
1.509325	5295.4588
1.512617	5313.03813333333
1.515908	5327.79016666667
1.519199	5341.63133333333
1.522489	5351.86996666667
1.525779	5367.11376666667
1.529067	5380.30376666667
1.532355	5394.20116666667
1.535643	5405.20336666667
1.538929	5417.06503333333
1.542215	5434.12206666667
1.5455	5448.4388
1.548785	5461.74056666667
1.552069	5474.09606666667
1.555352	5490.38676666667
1.558634	5507.94546666667
1.561916	5522.8117
1.565197	5536.51703333333
1.568477	5548.09823333333
1.571756	5561.99973333333
1.575035	5578.4969
1.578313	5589.35263333333
1.58159	5603.7175
1.584867	5619.84353333333
1.588143	5631.4234
1.591418	5646.84936666667
1.594693	5657.19843333333
1.597966	5679.79513333333
1.601239	5687.56473333333
1.604511	5699.35253333333
1.607783	5718.59826666667
1.611054	5730.70216666667
1.614324	5741.1466
1.617593	5757.07716666667
1.620862	5770.1637
1.624129	5784.57416666667
1.627396	5800.38633333333
1.630663	5817.0238
1.633928	5828.4597
1.637193	5839.63223333333
1.640457	5852.57273333333
1.643721	5869.1166
1.646983	5883.87203333333
1.650245	5894.20466666667
1.653506	5909.4973
1.656767	5927.90286666667
1.660026	5935.3915
1.663285	5952.3631
1.666543	5961.6066
1.669801	5974.58496666667
1.673057	5992.81953333333
1.676313	6000.5448
1.679568	6013.5431
1.682822	6029.11733333333
1.686076	6037.22616666667
1.689329	6050.959
1.692581	6058.0386
1.695832	6071.6275
1.699083	6084.3732
1.702332	6096.26306666667
1.705581	6103.90556666667
1.70883	6108.61763333333
1.712077	6123.51253333333
1.715324	6135.2482
1.718569	6146.42823333333
1.721815	6153.87553333333
1.725059	6160.50756666667
1.728303	6172.0466
1.731545	6182.97883333333
1.734787	6190.86836666667
1.738029	6203.12663333333
1.741269	6206.85303333333
1.744509	6216.43816666667
1.747747	6225.89223333333
1.750986	6238.21766666667
1.754223	6240.40593333333
1.757459	6245.2413
1.760695	6255.8991
1.76393	6263.5622
1.767164	6266.8629
1.770398	6274.48503333333
1.77363	6273.9018
1.776862	6284.31153333333
1.780093	6284.53586666667
1.783323	6293.45566666667
1.786552	6295.65713333333
1.789781	6298.6032
1.793009	6309.53756666667
1.796236	6311.53406666667
1.799462	6318.99646666667
1.802687	6319.7908
1.805912	6322.9215
1.809136	6323.46216666667
1.812358	6328.06333333333
1.815581	6330.12686666667
1.818802	6332.99716666667
1.822023	6331.5009
1.825242	6332.43373333333
1.828461	6331.6192
1.831679	6333.938
1.834896	6332.0934
1.838113	6334.62756666667
1.841329	6335.3583
1.844543	6335.41116666667
1.847758	6331.47096666667
1.850971	6327.03693333333
1.854183	6332.1739
1.857395	6324.7018
1.860605	6327.7004
1.863815	6321.16196666667
1.867024	6322.83066666667
1.870233	6315.54026666667
1.87344	6313.97563333333
1.876647	6310.6854
1.879852	6310.64573333333
1.883057	6302.1752
1.886261	6299.21983333333
1.889465	6296.64763333333
1.892667	6289.99263333333
1.895869	6288.02546666667
1.89907	6285.7857
1.902269	6279.7066
1.905469	6275.03636666667
1.908667	6271.03863333333
1.911864	6265.63696666667
1.915061	6260.05983333333
1.918256	6259.63946666667
1.921451	6250.58743333333
1.924645	6244.52126666667
1.927839	6233.94266666667
1.931031	6233.70553333333
1.934222	6226.1363
1.937413	6220.53096666667
1.940603	6213.9809
1.943792	6206.03093333333
1.94698	6199.81273333333
1.950167	6184.17096666667
1.953354	6188.00766666667
1.956539	6180.8475
1.959724	6169.61566666667
1.962908	6161.78703333333
1.966091	6158.483
1.969273	6149.12076666667
1.972454	6139.61743333333
1.975634	6127.59416666667
1.978814	6124.74346666667
1.981993	6114.8705
1.98517	6099.99766666667
1.988347	6092.83676666667
1.991523	6088.24933333333
1.994699	6075.35616666667
1.997873	6067.18656666667
2.001046	6059.75033333333
2.004219	6053.1995
2.007391	6043.46656666667
2.010562	6036.73376666667
2.013732	6019.18643333333
2.016901	6015.42253333333
2.020069	6005.47736666667
2.023236	6000.04146666667
2.026403	5989.05083333333
2.029568	5976.81773333333
2.032733	5967.03273333333
2.035897	5953.2226
2.03906	5940.72053333333
2.042222	5938.2362
2.045383	5926.38183333333
2.048544	5920.11066666667
2.051703	5907.19833333333
2.054862	5893.7222
2.058019	5895.646
2.061176	5878.57463333333
2.064332	5863.48633333333
2.067487	5856.2725
2.070641	5849.94583333333
2.073794	5838.0256
2.076946	5830.56333333333
2.080098	5818.00263333333
2.083248	5803.23436666667
2.086398	5796.87123333333
2.089547	5795.24786666667
2.092695	5781.38526666667
2.095842	5774.559
2.098988	5757.54363333333
2.102133	5749.1022
2.105277	5738.18856666667
2.10842	5727.06023333333
2.111563	5717.90676666667
2.114704	5712.7404
2.117845	5697.77056666667
2.120985	5694.63563333333
2.124123	5683.66243333333
2.127261	5675.44613333333
2.130399	5665.1372
2.133534	5655.23196666667
2.13667	5648.1916
2.139804	5639.2682
2.142937	5630.60546666667
2.14607	5615.94696666667
2.149201	5613.63813333333
2.152332	5595.87173333333
2.155462	5585.62503333333
2.158591	5578.32076666667
2.161718	5567.98473333333
2.164845	5562.54636666667
2.167971	5550.92783333333
2.171096	5544.37046666667
2.17422	5529.74003333333
2.177344	5526.71496666667
2.180466	5512.04153333333
2.183588	5513.9556
2.186708	5502.23816666667
2.189827	5495.4051
2.192946	5478.6706
2.196064	5479.34906666667
2.199181	5470.47583333333
2.202296	5458.5013
2.205411	5452.86453333333
2.208525	5442.8723
2.211638	5441.19176666667
2.214751	5437.44343333333
2.217862	5421.76193333333
2.220972	5414.19626666667
2.224082	5406.695
2.22719	5396.97376666667
2.230297	5394.33456666667
2.233404	5383.76136666667
2.236509	5378.84886666667
2.239614	5371.81366666667
2.242718	5371.4362
2.24582	5358.99016666667
2.248922	5350.25746666667
2.252023	5341.67776666667
2.255123	5337.74503333333
2.258222	5328.73536666667
2.26132	5318.9474
2.264417	5317.10666666667
2.267513	5306.39873333333
2.270608	5301.64496666667
2.273703	5297.63266666667
2.276796	5294.37086666667
2.279888	5287.53163333333
2.28298	5274.89143333333
2.28607	5271.63206666667
2.28916	5267.59546666667
2.292248	5260.95263333333
2.295336	5255.55883333333
2.298422	5246.46886666667
2.301508	5240.91673333333
2.304593	5236.65086666667
2.307676	5233.34053333333
2.310759	5223.08916666667
2.313841	5217.43083333333
2.316922	5216.51863333333
2.320002	5208.68096666667
2.323081	5200.17283333333
2.326159	5195.9324
2.329236	5194.5105
2.332312	5188.07716666667
2.335387	5186.05706666667
2.338461	5168.4751
2.341534	5176.49196666667
2.344606	5170.63276666667
2.347677	5164.7631
2.350748	5160.7399
2.353817	5152.29853333333
2.356885	5145.10136666667
2.359953	5147.1456
2.363019	5145.34416666667
2.366084	5139.17073333333
2.369149	5134.87216666667
2.372212	5126.16996666667
2.375275	5123.334
2.378336	5125.20003333333
2.381397	5118.73603333333
2.384456	5114.67513333333
2.387515	5110.55263333333
2.390573	5109.37853333333
2.393629	5101.13243333333
2.396685	5099.4479
2.39974	5094.4824
2.402793	5090.46383333333
2.405846	5083.49793333333
2.408897	5084.81823333333
2.411948	5080.75766666667
2.414998	5075.31046666667
2.418046	5069.21203333333
2.421094	5068.36283333333
2.424141	5068.6055
2.427187	5065.35036666667
2.430231	5057.2594
2.433275	5056.89913333333
2.436318	5056.8574
2.43936	5059.44223333333
2.442401	5050.19113333333
2.445441	5047.04703333333
2.448479	5040.3962
2.451517	5031.7618
2.454554	5034.25576666667
2.45759	5031.2065
2.460625	5030.17443333333
2.463659	5024.56666666667
2.466692	5024.12536666667
2.469723	5019.80003333333
2.472754	5019.68353333333
2.475784	5020.06186666667
2.478813	5015.17486666667
2.481841	5012.85646666667
2.484868	5007.73153333333
2.487894	5010.6761
2.490918	4998.01226666667
2.493942	5005.85056666667
2.496965	4999.1466
2.499987	4997.49873333333
2.503008	5000.63443333333
2.506027	4994.23233333333
2.509046	4994.07473333333
2.512064	4993.29086666667
2.515081	4991.61116666667
2.518097	4988.11113333333
2.521111	4983.90963333333
2.524125	4984.9814
2.527138	4984.44186666667
2.53015	4979.45936666667
2.53316	4985.63416666667
2.53617	4976.93563333333
2.539179	4977.67553333333
2.542186	4973.98843333333
2.545193	4972.23783333333
2.548199	4971.69953333333
2.551203	4969.66186666667
2.554207	4966.29763333333
2.55721	4969.64633333333
2.560211	4973.4937
2.563212	4963.67233333333
2.566211	4967.32946666667
2.56921	4965.27083333333
2.572207	4963.40843333333
2.575204	4956.69096666667
2.5782	4962.5264
2.581194	4952.25576666667
2.584187	4954.19513333333
2.58718	4955.28553333333
2.590171	4955.23733333333
2.593161	4948.61993333333
2.596151	4952.29193333333
2.599139	4947.05453333333
2.602126	4949.94296666667
2.605112	4948.26786666667
2.608098	4948.1835
2.611082	4945.9791
2.614065	4941.86686666667
2.617047	4943.8225
2.620028	4938.2298
2.623008	4950.9226
2.625987	4940.8498
2.628965	4939.7424
2.631942	4942.58966666667
2.634918	4935.94013333333
2.637893	4935.17173333333
2.640867	4936.8955
2.64384	4936.39876666667
2.646811	4933.47786666667
2.649782	4932.1447
2.652752	4935.191
2.65572	4931.17996666667
2.658688	4929.17873333333
2.661655	4930.9909
2.66462	4928.65676666667
2.667585	4932.069
2.670548	4929.7235
2.673511	4930.46583333333
2.676472	4928.60443333333
2.679432	4932.14023333333
2.682391	4931.61923333333
2.68535	4923.8634
2.688307	4924.6369
2.691263	4923.1198
2.694218	4926.02923333333
2.697172	4923.4341
2.700125	4924.7429
2.703077	4922.29416666667
2.706028	4921.3067
2.708978	4920.55533333333
2.711927	4922.61316666667
2.714875	4919.241
2.717821	4921.03136666667
2.720767	4919.45063333333
2.723711	4922.4519
2.726655	4917.8791
2.729598	4912.86703333333
2.732539	4913.0181
2.73548	4912.68516666667
2.738419	4913.87223333333
2.741357	4920.0694
2.744294	4912.66056666667
2.747231	4913.8111
2.750166	4910.22316666667
2.7531	4915.39926666667
2.756033	4911.0253
2.758965	4915.32733333333
2.761896	4911.0254
2.764825	4910.8946
2.767754	4909.0839
2.770682	4908.88863333333
2.773608	4901.2545
2.776534	4897.81546666667
2.779459	4909.23863333333
2.782382	4908.67363333333
2.785304	4909.63676666667
2.788226	4903.38876666667
2.791146	4904.6743
2.794065	4903.87993333333
2.796983	4897.5786
2.799901	4898.89473333333
2.802817	4895.04633333333
2.805732	4895.99486666667
2.808645	4892.03796666667
2.811558	4894.21053333333
2.81447	4895.32813333333
2.817381	4895.15163333333
2.82029	4894.60816666667
2.823199	4890.65926666667
2.826106	4887.31536666667
2.829013	4879.32356666667
2.831918	4884.3249
2.834822	4887.9429
2.837726	4886.4799
2.840628	4889.58903333333
2.843529	4885.78203333333
2.846429	4882.56973333333
2.849328	4874.3592
2.852226	4873.6506
2.855122	4876.04713333333
2.858018	4872.16573333333
2.860912	4868.123
2.863806	4872.16233333333
2.866698	4870.38526666667
2.86959	4863.65223333333
2.87248	4863.0815
2.875369	4861.95526666667
2.878257	4859.53273333333
2.881145	4860.65893333333
2.884031	4859.42836666667
2.886915	4854.00396666667
2.889799	4852.99363333333
2.892682	4841.70976666667
2.895564	4844.46986666667
2.898444	4839.3142
2.901324	4835.85683333333
2.904202	4833.851
2.907079	4835.52593333333
2.909956	4834.0829
2.912831	4822.55086666667
2.915705	4837.77913333333
2.918578	4822.22653333333
2.92145	4815.54863333333
2.924321	4824.72713333333
2.927191	4807.7691
2.930059	4818.9039
2.932927	4807.3285
2.935793	4809.86796666667
2.938659	4812.23623333333
2.941523	4803.52626666667
2.944386	4797.47516666667
2.947248	4798.5821
2.950109	4799.69216666667
2.952969	4798.402
2.955828	4796.0867
2.958686	4785.25933333333
2.961543	4791.05996666667
2.964398	4775.58996666667
2.967253	4773.327
2.970106	4777.2784
2.972959	4771.5053
2.97581	4767.1985
2.97866	4765.2017
2.981509	4747.44553333333
2.984357	4760.19936666667
2.987204	4769.60466666667
2.99005	4741.01643333333
2.992894	4746.10863333333
2.995738	4739.8993
2.99858	4733.52646666667
3.001422	4725.02826666667
3.004262	4725.11626666667
3.007101	4723.0066
3.009939	4728.58776666667
3.012776	4716.49876666667
3.015612	4710.89166666667
3.018447	4697.47066666667
3.021281	4696.83263333333
3.024114	4696.39346666667
3.026945	4691.16426666667
3.029775	4692.71153333333
3.032605	4698.29453333333
3.035433	4673.85493333333
3.03826	4676.7932
3.041086	4674.15146666667
3.043911	4680.6352
3.046735	4661.40393333333
3.049558	4649.8578
3.052379	4635.1028
3.0552	4634.4986
3.058019	4634.58873333333
3.060838	4629.6021
3.063655	4635.53376666667
3.066471	4622.3918
3.069286	4615.9934
3.072099	4631.0239
3.074913	4608.97936666667
3.077724	4609.19286666667
3.080535	4601.07743333333
3.083344	4594.29846666667
3.086153	4596.99363333333
3.08896	4594.18843333333
3.091766	4579.03896666667
3.094571	4571.8529
3.097375	4566.5966
3.100178	4559.82143333333
3.102979	4549.15816666667
3.10578	4549.93673333333
3.10858	4566.0844
3.111378	4561.59486666667
3.114175	4553.86996666667
3.116971	4504.49926666667
3.119766	4543.5474
3.122561	4546.13856666667
