0.05872121	14957.9726666667
0.06217522	14918.5843
0.06562919	14685.3691666667
0.06908314	14470.0794666667
0.07253705	14297.7204333333
0.07599092	14160.7955
0.07944476	14007.6193333333
0.08289856	13810.7841
0.08635231	13688.6248333333
0.08980602	13466.7741333333
0.09325969	13299.3014666667
0.09671331	13106.8203
0.1001669	12930.0654666667
0.1036204	12754.5907
0.1070739	12571.09
0.1105273	12424.8372666667
0.1139807	12258.0895666667
0.117434	12100.2212666667
0.1208872	11914.3084333333
0.1243404	11746.6238333333
0.1277936	11570.0317333333
0.1312466	11448.1548
0.1346996	11285.4816666667
0.1381525	11118.0919666667
0.1416054	10988.5279
0.1450582	10835.1890333333
0.1485109	10696.8153333333
0.1519636	10542.5424
0.1554161	10409.7815666667
0.1588686	10266.4233333333
0.162321	10136.4901
0.1657734	10016.6961333333
0.1692256	9888.952
0.1726778	9743.45143333333
0.1761299	9634.1835
0.1795819	9525.84493333333
0.1830338	9392.82846666667
0.1864856	9279.95626666667
0.1899373	9173.30773333333
0.1933889	9076.27016666667
0.1968405	8984.6679
0.2002919	8857.43216666667
0.2037432	8779.85876666667
0.2071945	8667.75566666667
0.2106456	8576.1149
0.2140967	8483.0631
0.2175476	8404.16686666667
0.2209984	8326.14913333333
0.2244491	8233.95063333333
0.2278997	8164.9397
0.2313501	8070.42543333333
0.2348005	7989.62323333333
0.2382507	7918.90563333333
0.2417009	7841.93066666667
0.2451509	7763.3123
0.2486008	7695.37313333333
0.2520505	7640.7871
0.2555002	7559.26876666667
0.2589497	7510.81216666667
0.2623991	7432.6632
0.2658483	7371.27576666667
0.2692975	7305.83613333333
0.2727464	7262.5633
0.2761953	7207.63516666667
0.279644	7150.41603333333
0.2830926	7101.87263333333
0.286541	7043.14256666667
0.2899893	6994.12083333333
0.2934375	6949.6989
0.2968855	6891.87596666667
0.3003333	6845.94146666667
0.303781	6802.94296666667
0.3072286	6756.87273333333
0.310676	6712.90943333333
0.3141232	6668.10393333333
0.3175703	6632.41716666667
0.3210173	6593.0312
0.3244641	6539.66666666667
0.3279107	6511.56333333333
0.3313572	6472.0148
0.3348034	6440.55053333333
0.3382496	6408.72
0.3416955	6374.3291
0.3451413	6339.8724
0.3485869	6299.14623333333
0.3520324	6267.6741
0.3554777	6240.906
0.3589227	6212.54366666667
0.3623677	6173.4348
0.3658124	6142.2152
0.369257	6114.4668
0.3727013	6101.89146666667
0.3761455	6063.43626666667
0.3795895	6038.10453333333
0.3830333	6017.97893333333
0.3864769	5987.25733333333
0.3899204	5964.6153
0.3933636	5953.88916666667
0.3968067	5927.18433333333
0.4002496	5909.93726666667
0.4036922	5879.89576666667
0.4071347	5853.3166
0.4105769	5833.61863333333
0.414019	5813.8583
0.4174608	5790.67756666667
0.4209024	5784.37493333333
0.4243439	5754.87273333333
0.4277851	5739.53066666667
0.4312261	5721.22513333333
0.4346669	5706.6337
0.4381075	5686.3356
0.4415478	5672.63183333333
0.444988	5652.43216666667
0.4484279	5636.78203333333
0.4518676	5625.17186666667
0.4553071	5606.18576666667
0.4587464	5588.21266666667
0.4621854	5581.18326666667
0.4656242	5560.29073333333
0.4690627	5553.42693333333
0.4725011	5534.66903333333
0.4759392	5525.03156666667
0.4793771	5510.15346666667
0.4828147	5491.16013333333
0.4862521	5487.23806666667
0.4896893	5476.64
0.4931262	5461.33903333333
0.4965629	5456.3463
0.4999993	5445.2785
0.5034355	5428.1011
0.5068714	5418.68143333333
0.5103071	5411.50643333333
0.5137425	5403.72763333333
0.5171777	5389.0545
0.5206126	5379.97183333333
0.5240473	5374.94136666667
0.5274817	5367.83753333333
0.5309159	5365.14466666667
0.5343498	5345.62743333333
0.5377834	5341.8864
0.5412167	5336.09533333333
0.5446498	5329.55363333333
0.5480827	5323.2946
0.5515152	5318.13716666667
0.5549475	5308.78556666667
0.5583795	5297.06196666667
0.5618113	5298.0442
0.5652427	5287.8034
0.5686739	5283.15713333333
0.5721048	5281.5906
0.5755354	5270.36253333333
0.5789658	5259.01396666667
0.5823958	5260.89286666667
0.5858256	5256.91573333333
0.589255	5254.47133333333
0.5926843	5246.9188
0.5961131	5244.41633333333
0.5995418	5241.29896666667
0.6029701	5234.5997
0.6063981	5230.23493333333
0.6098258	5230.10126666667
0.6132532	5224.97956666667
0.6166803	5218.7768
0.6201072	5214.60056666667
0.6235337	5213.6219
0.6269599	5211.23536666667
0.6303858	5206.36793333333
0.6338114	5204.1182
0.6372366	5201.5455
0.6406616	5198.25576666667
0.6440862	5196.33936666667
0.6475106	5189.94366666667
0.6509345	5186.65636666667
0.6543582	5188.93393333333
0.6577817	5185.23573333333
0.6612047	5183.5442
0.6646275	5179.9935
0.6680498	5173.12946666667
0.6714719	5170.61083333333
0.6748936	5175.63386666667
0.6783151	5172.97516666667
0.6817361	5170.54703333333
0.6851569	5168.3456
0.6885773	5167.34243333333
0.6919974	5162.70616666667
0.6954171	5165.75966666667
0.6988365	5165.83273333333
0.7022555	5164.22296666667
0.7056743	5159.36723333333
0.7090927	5158.42753333333
0.7125106	5162.34616666667
0.7159283	5160.6012
0.7193456	5161.64343333333
0.7227626	5169.1032
0.7261792	5153.6607
0.7295955	5160.02796666667
0.7330114	5158.60796666667
0.736427	5159.37743333333
0.7398421	5149.7583
0.743257	5154.71856666667
0.7466714	5160.16083333333
0.7500855	5152.7408
0.7534993	5155.2881
0.7569126	5151.5274
0.7603257	5153.5028
0.7637383	5158.94793333333
0.7671505	5152.8281
0.7705624	5160.0887
0.7739739	5159.3254
0.7773851	5157.28516666667
0.7807958	5153.6874
0.7842062	5155.66236666667
0.7876161	5158.70143333333
0.7910257	5155.05893333333
0.794435	5147.80956666667
0.7978438	5153.07403333333
0.8012522	5150.3271
0.8046603	5143.08903333333
0.8080679	5145.51286666667
0.8114753	5147.3724
0.814882	5147.7983
0.8182886	5143.14473333333
0.8216946	5146.9207
0.8251004	5144.39836666667
0.8285056	5151.3605
0.8319104	5139.4206
0.8353149	5141.26616666667
0.838719	5142.69146666667
0.8421227	5144.86173333333
0.8455259	5138.7427
0.8489287	5146.03556666667
0.8523312	5152.9061
0.8557332	5143.96766666667
0.8591347	5139.2636
0.8625359	5139.32176666667
0.8659367	5140.4406
0.8693371	5139.6024
0.8727369	5139.64796666667
0.8761364	5141.8061
0.8795356	5137.81696666667
0.8829342	5133.7686
0.8863324	5135.07126666667
0.8897301	5137.51986666667
0.8931275	5138.0451
0.8965244	5130.19543333333
0.8999209	5131.40483333333
0.903317	5135.94183333333
0.9067126	5132.0328
0.9101078	5129.5141
0.9135025	5128.8903
0.9168968	5134.0743
0.9202906	5128.27816666667
0.9236841	5131.6464
0.9270771	5137.0456
0.9304696	5135.9297
0.9338616	5136.99963333333
0.9372532	5136.74903333333
0.9406444	5139.92146666667
0.9440351	5138.47516666667
0.9474253	5142.78183333333
0.9508151	5148.89596666667
0.9542044	5144.10293333333
0.9575934	5149.51186666667
0.9609817	5151.1557
0.9643697	5151.89456666667
0.9677572	5153.4231
0.9711442	5151.54343333333
0.9745308	5155.22236666667
0.9779168	5160.40926666667
0.9813024	5167.3327
0.9846876	5171.88356666667
0.9880723	5164.80343333333
0.9914563	5171.48006666667
0.9948401	5175.92766666667
0.9982234	5177.95703333333
1.001606	5179.96006666667
1.004988	5186.09313333333
1.00837	5184.6627
1.011751	5190.65403333333
1.015132	5194.66606666667
1.018513	5191.1533
1.021892	5199.38386666667
1.025272	5199.6541
1.028651	5199.24766666667
1.032029	5204.5089
1.035407	5211.1169
1.038784	5212.0374
1.042161	5214.12273333333
1.045537	5219.70476666667
1.048913	5219.4828
1.052289	5224.08753333333
1.055664	5231.95993333333
1.059038	5234.0376
1.062412	5241.87223333333
1.065785	5239.49736666667
1.069158	5241.60283333333
1.07253	5247.79503333333
1.075902	5250.6572
1.079273	5253.37193333333
1.082644	5256.09526666667
1.086014	5262.62823333333
1.089384	5264.37963333333
1.092753	5271.8143
1.096122	5276.2927
1.09949	5277.22963333333
1.102858	5284.75573333333
1.106225	5287.11276666667
1.109591	5290.44363333333
1.112957	5296.40256666667
1.116323	5299.13153333333
1.119688	5306.09103333333
1.123052	5312.70853333333
1.126416	5316.9745
1.12978	5323.501
1.133143	5329.80236666667
1.136505	5334.5245
1.139867	5333.95556666667
1.143228	5341.9037
1.146589	5346.44003333333
1.149949	5351.58836666667
1.153308	5360.1865
1.156667	5365.14573333333
1.160026	5375.65673333333
1.163384	5378.70606666667
1.166741	5376.68666666667
1.170098	5380.72156666667
1.173454	5387.99016666667
1.17681	5392.2038
1.180165	5401.2474
1.18352	5404.7817
1.186874	5416.75606666667
1.190227	5416.41813333333
1.19358	5420.06126666667
1.196932	5429.60326666667
1.200284	5435.19266666667
1.203635	5437.34453333333
1.206986	5443.81763333333
1.210336	5456.4941
1.213686	5463.85183333333
1.217035	5467.88206666667
1.220383	5471.69933333333
1.223731	5477.4856
1.227078	5484.41656666667
1.230424	5489.99656666667
1.23377	5498.27033333333
1.237116	5504.2289
1.240461	5510.95403333333
1.243805	5524.6969
1.247149	5529.08816666667
1.250492	5530.58566666667
1.253834	5538.15986666667
1.257176	5549.42636666667
1.260517	5552.9683
1.263858	5562.2235
1.267198	5567.5581
1.270538	5574.2308
1.273877	5587.05796666667
1.277215	5587.84776666667
1.280553	5591.58493333333
1.28389	5601.0317
1.287226	5610.73603333333
1.290562	5615.28806666667
1.293898	5623.05833333333
1.297232	5631.0362
1.300567	5637.51366666667
1.3039	5652.9352
1.307233	5651.39856666667
1.310565	5656.51286666667
1.313897	5666.64206666667
1.317228	5675.46933333333
1.320558	5685.15053333333
1.323888	5686.3251
1.327217	5696.62313333333
1.330546	5709.50276666667
1.333874	5711.97
1.337201	5725.69856666667
1.340527	5733.07293333333
1.343854	5742.4122
1.347179	5747.20603333333
1.350504	5767.7113
1.353828	5769.819
1.357151	5783.26783333333
1.360474	5788.9561
1.363796	5793.78153333333
1.367118	5803.7837
1.370439	5809.8061
1.373759	5816.7374
1.377079	5823.6733
1.380398	5825.50966666667
1.383716	5837.69283333333
1.387034	5843.98173333333
1.390351	5850.31443333333
1.393668	5857.12516666667
1.396983	5866.8258
1.400299	5875.047
1.403613	5891.09023333333
1.406927	5903.81513333333
1.41024	5910.56403333333
1.413553	5922.06263333333
1.416865	5930.9886
1.420176	5939.59686666667
1.423486	5946.9431
1.426796	5960.302
1.430105	5965.8243
1.433414	5981.80023333333
1.436722	5987.8664
1.440029	6001.82266666667
1.443336	6013.5234
1.446642	6016.75886666667
1.449947	6025.4655
1.453251	6035.9863
1.456555	6038.99543333333
1.459858	6051.0631
1.463161	6061.3515
1.466463	6065.0999
1.469764	6079.1519
1.473065	6081.38406666667
1.476364	6081.28633333333
1.479663	6089.61186666667
1.482962	6099.10876666667
1.48626	6100.82066666667
1.489557	6112.0332
1.492853	6119.41503333333
1.496149	6126.73933333333
1.499444	6137.23363333333
1.502738	6144.97356666667
1.506032	6158.6819
1.509325	6167.0798
1.512617	6162.87313333333
1.515908	6174.62116666667
1.519199	6190.81933333333
1.522489	6191.59096666667
1.525779	6204.23076666667
1.529067	6212.25376666667
1.532355	6221.71116666667
1.535643	6225.33236666667
1.538929	6238.78203333333
1.542215	6252.30506666667
1.5455	6262.4138
1.548785	6266.86756666667
1.552069	6274.75106666667
1.555352	6279.56176666667
1.558634	6289.00346666667
1.561916	6298.5057
1.565197	6313.58603333333
1.568477	6319.64723333333
1.571756	6334.23573333333
1.575035	6344.9059
1.578313	6351.21463333333
1.58159	6365.7615
1.584867	6366.22853333333
1.588143	6378.6084
1.591418	6380.22436666667
1.594693	6404.58443333333
1.597966	6406.54113333333
1.601239	6414.36473333333
1.604511	6419.38353333333
1.607783	6430.78026666667
1.611054	6436.38716666667
1.614324	6453.9856
1.617593	6459.15716666667
1.620862	6469.1327
1.624129	6471.90316666667
1.627396	6482.42633333333
1.630663	6494.2868
1.633928	6504.7607
1.637193	6514.99023333333
1.640457	6519.92273333333
1.643721	6531.6666
1.646983	6544.63303333333
1.650245	6552.53466666667
1.653506	6558.1653
1.656767	6568.82786666667
1.660026	6578.3205
1.663285	6584.8151
1.666543	6592.3986
1.669801	6605.10496666667
1.673057	6610.19253333333
1.676313	6614.8448
1.679568	6625.5861
1.682822	6636.72933333333
1.686076	6637.57216666667
1.689329	6658.715
1.692581	6662.7216
1.695832	6673.8195
1.699083	6678.2302
1.702332	6689.52506666667
1.705581	6694.23656666667
1.70883	6689.77763333333
1.712077	6702.68053333333
1.715324	6720.6062
1.718569	6729.28223333333
1.721815	6731.82453333333
1.725059	6731.54856666667
1.728303	6745.9746
1.731545	6750.96583333333
1.734787	6755.78336666667
1.738029	6771.69563333333
1.741269	6774.47003333333
1.744509	6789.31416666667
1.747747	6791.42123333333
1.750986	6802.07866666667
1.754223	6801.73193333333
1.757459	6813.1643
1.760695	6816.4261
1.76393	6821.8242
1.767164	6830.6149
1.770398	6836.17803333333
1.77363	6846.1568
1.776862	6856.29053333333
1.780093	6854.73586666667
1.783323	6864.72766666667
1.786552	6868.75713333333
1.789781	6879.9702
1.793009	6881.36856666667
1.796236	6891.25006666667
1.799462	6901.36046666667
1.802687	6905.7178
1.805912	6912.7785
1.809136	6916.06416666667
1.812358	6925.46333333333
1.815581	6925.50386666667
1.818802	6934.55216666667
1.822023	6932.8359
1.825242	6938.72273333333
1.828461	6945.1772
1.831679	6955.946
1.834896	6955.8244
1.838113	6958.24156666667
1.841329	6967.4253
1.844543	6974.53416666667
1.847758	6974.20396666667
1.850971	6981.60993333333
1.854183	6985.9819
1.857395	6984.5248
1.860605	6994.4664
1.863815	6999.72796666667
1.867024	7000.07866666667
1.870233	7010.54826666667
1.87344	7004.86163333333
1.876647	7017.1454
1.879852	7019.63373333333
1.883057	7019.2342
1.886261	7024.42983333333
1.889465	7024.67263333333
1.892667	7029.27663333333
1.895869	7037.34646666667
1.89907	7041.9997
1.902269	7049.8816
1.905469	7052.09136666667
1.908667	7050.26163333333
1.911864	7045.92896666667
1.915061	7054.92783333333
1.918256	7070.11346666667
1.921451	7064.24843333333
1.924645	7068.42226666667
1.927839	7069.48566666667
1.931031	7077.44953333333
1.934222	7074.9813
1.937413	7074.84196666667
1.940603	7077.9839
1.943792	7078.64793333333
1.94698	7079.30973333333
1.950167	7078.05896666667
1.953354	7082.58966666667
1.956539	7081.3135
1.959724	7085.87466666667
1.962908	7092.71103333333
1.966091	7089.486
1.969273	7088.34476666667
1.972454	7095.88943333333
1.975634	7084.54716666667
1.978814	7095.34346666667
1.981993	7092.6095
1.98517	7092.73566666667
1.988347	7090.68676666667
1.991523	7095.65833333333
1.994699	7091.11416666667
1.997873	7088.93156666667
2.001046	7092.45533333333
2.004219	7088.7845
2.007391	7089.83856666667
2.010562	7091.62276666667
2.013732	7085.41843333333
2.016901	7087.62553333333
2.020069	7083.63036666667
2.023236	7082.69546666667
2.026403	7073.68383333333
2.029568	7072.03473333333
2.032733	7071.67473333333
2.035897	7066.6066
2.03906	7067.69053333333
2.042222	7059.7342
2.045383	7056.38083333333
2.048544	7062.06166666667
2.051703	7048.08133333333
2.054862	7040.5532
2.058019	7042.951
2.061176	7032.75263333333
2.064332	7038.90733333333
2.067487	7032.1535
2.070641	7025.18683333333
2.073794	7024.1856
2.076946	7023.66833333333
2.080098	7015.11263333333
2.083248	7009.99536666667
2.086398	7006.04923333333
2.089547	7001.09386666667
2.092695	6990.88326666667
2.095842	6993.604
2.098988	6988.96063333333
2.102133	6980.6832
2.105277	6973.53956666667
2.10842	6970.05023333333
2.111563	6969.09776666667
2.114704	6964.2264
2.117845	6949.68456666667
2.120985	6948.08863333333
2.124123	6938.81143333333
2.127261	6943.56713333333
2.130399	6928.5522
2.133534	6924.96896666667
2.13667	6911.9256
2.139804	6904.7042
2.142937	6894.34246666667
2.14607	6885.54996666667
2.149201	6881.75413333333
2.152332	6875.72273333333
2.155462	6854.06003333333
2.158591	6836.53176666667
2.161718	6838.98473333333
2.164845	6827.63836666667
2.167971	6815.40183333333
2.171096	6809.53146666667
2.17422	6794.04903333333
2.177344	6792.64196666667
2.180466	6781.19153333333
2.183588	6777.8616
2.186708	6767.89216666667
2.189827	6756.6201
2.192946	6748.9106
2.196064	6741.90906666667
2.199181	6730.40683333333
2.202296	6728.1473
2.205411	6711.88753333333
2.208525	6704.1023
2.211638	6685.39676666667
2.214751	6680.57443333333
2.217862	6666.37993333333
2.220972	6662.70226666667
2.224082	6651.786
2.22719	6651.19676666667
2.230297	6643.88656666667
2.233404	6618.52136666667
2.236509	6610.22886666667
2.239614	6605.06066666667
2.242718	6594.9822
2.24582	6581.48716666667
2.248922	6572.73446666667
2.252023	6563.44776666667
2.255123	6559.25603333333
2.258222	6547.51936666667
2.26132	6535.4724
2.264417	6527.27566666667
2.267513	6517.93873333333
2.270608	6509.34996666667
2.273703	6486.87066666667
2.276796	6481.95086666667
2.279888	6475.06663333333
2.28298	6470.63443333333
2.28607	6457.46206666667
2.28916	6446.98746666667
2.292248	6432.95463333333
2.295336	6424.34083333333
2.298422	6407.52186666667
2.301508	6396.60073333333
2.304593	6392.13686666667
2.307676	6382.21453333333
2.310759	6376.24616666667
2.313841	6363.48383333333
2.316922	6357.77363333333
2.320002	6347.19096666667
2.323081	6339.49583333333
2.326159	6330.9324
2.329236	6315.0455
2.332312	6307.77816666667
2.335387	6300.77906666667
2.338461	6280.7111
2.341534	6282.78296666667
2.344606	6275.62676666667
2.347677	6260.1741
2.350748	6252.5009
2.353817	6248.10053333333
2.356885	6235.97836666667
2.359953	6225.9596
2.363019	6225.82516666667
2.366084	6215.41873333333
2.369149	6203.46916666667
2.372212	6191.10096666667
2.375275	6181.883
2.378336	6181.91303333333
2.381397	6171.58403333333
2.384456	6151.63313333333
2.387515	6151.44063333333
2.390573	6141.03153333333
2.393629	6131.85843333333
2.396685	6129.3189
2.39974	6110.9904
2.402793	6105.98783333333
2.405846	6103.08093333333
2.408897	6090.80923333333
2.411948	6095.17066666667
2.414998	6073.11846666667
2.418046	6071.52203333333
2.421094	6057.71383333333
2.424141	6048.8605
2.427187	6045.47936666667
2.430231	6040.8654
2.433275	6036.78513333333
2.436318	6027.1774
2.43936	6014.75323333333
2.442401	6011.77413333333
2.445441	5993.93203333333
2.448479	5986.9582
2.451517	5978.6718
2.454554	5972.25576666667
2.45759	5959.8325
2.460625	5956.02543333333
2.463659	5945.99466666667
2.466692	5940.02836666667
2.469723	5944.60803333333
2.472754	5930.59753333333
2.475784	5926.74586666667
2.478813	5920.18386666667
2.481841	5917.83546666667
2.484868	5903.27653333333
2.487894	5907.4161
2.490918	5897.57826666667
2.493942	5883.88456666667
2.496965	5890.0326
2.499987	5883.32473333333
2.503008	5879.21143333333
2.506027	5870.12833333333
2.509046	5857.29773333333
2.512064	5853.75386666667
2.515081	5853.58116666667
2.518097	5849.18613333333
2.521111	5836.37163333333
2.524125	5838.5814
2.527138	5831.79086666667
2.53015	5829.43836666667
2.53316	5822.46416666667
2.53617	5815.71263333333
2.539179	5805.94553333333
2.542186	5804.26643333333
2.545193	5791.17383333333
2.548199	5798.19053333333
2.551203	5786.46386666667
2.554207	5785.63563333333
2.55721	5776.97033333333
2.560211	5770.2827
2.563212	5771.42733333333
2.566211	5757.23946666667
2.56921	5754.06083333333
2.572207	5749.88243333333
2.575204	5748.96796666667
2.5782	5739.2344
2.581194	5738.95976666667
2.584187	5732.19113333333
2.58718	5731.15353333333
2.590171	5727.46133333333
2.593161	5713.39993333333
2.596151	5710.85693333333
2.599139	5707.77453333333
2.602126	5706.78996666667
2.605112	5710.99486666667
2.608098	5703.2505
2.611082	5695.3021
2.614065	5686.26886666667
2.617047	5689.8135
2.620028	5685.4138
2.623008	5694.5146
2.625987	5685.1678
2.628965	5680.5594
2.631942	5675.79766666667
2.634918	5662.27813333333
2.637893	5664.66873333333
2.640867	5662.7225
2.64384	5659.87076666667
2.646811	5656.56086666667
2.649782	5656.4957
2.652752	5656.712
2.65572	5647.64096666667
2.658688	5648.98173333333
2.661655	5638.0959
2.66462	5634.48676666667
2.667585	5640.04
2.670548	5638.8495
2.673511	5634.39083333333
2.676472	5630.63443333333
2.679432	5632.41723333333
2.682391	5625.06623333333
2.68535	5620.6984
2.688307	5625.3129
2.691263	5618.6008
2.694218	5629.01423333333
2.697172	5626.8981
2.700125	5615.1319
2.703077	5611.53516666667
2.706028	5606.8637
2.708978	5604.56133333333
2.711927	5605.90416666667
2.714875	5603.041
2.717821	5601.67836666667
2.720767	5600.83463333333
2.723711	5602.9349
2.726655	5599.6001
2.729598	5601.81203333333
2.732539	5595.3621
2.73548	5590.14616666667
2.738419	5585.31423333333
2.741357	5590.6044
2.744294	5588.44056666667
2.747231	5590.7361
2.750166	5586.42316666667
2.7531	5586.64726666667
2.756033	5586.9203
2.758965	5583.02033333333
2.761896	5581.9634
2.764825	5582.3196
2.767754	5581.3629
2.770682	5581.33863333333
2.773608	5581.6335
2.776534	5576.67046666667
2.779459	5577.80763333333
2.782382	5579.59963333333
2.785304	5572.25376666667
2.788226	5573.42876666667
2.791146	5579.2473
2.794065	5563.90493333333
2.796983	5570.4556
2.799901	5560.20973333333
2.802817	5564.58933333333
2.805732	5561.70886666667
2.808645	5564.72896666667
2.811558	5554.28553333333
2.81447	5548.03113333333
2.817381	5558.46363333333
2.82029	5560.17316666667
2.823199	5553.59826666667
2.826106	5545.37536666667
2.829013	5553.10556666667
2.831918	5551.9479
2.834822	5545.8899
2.837726	5537.3659
2.840628	5541.45003333333
2.843529	5544.37503333333
2.846429	5552.49673333333
2.849328	5537.7192
2.852226	5527.2286
2.855122	5529.89113333333
2.858018	5526.64573333333
2.860912	5532.226
2.863806	5531.80733333333
2.866698	5527.62426666667
2.86959	5521.57923333333
2.87248	5519.7355
2.875369	5513.94626666667
2.878257	5524.42773333333
2.881145	5511.86693333333
2.884031	5520.58736666667
2.886915	5515.56496666667
2.889799	5507.88463333333
2.892682	5507.32576666667
2.895564	5492.53886666667
2.898444	5497.7282
2.901324	5493.31183333333
2.904202	5478.591
2.907079	5488.56893333333
2.909956	5485.9599
2.912831	5495.87086666667
2.915705	5482.16313333333
2.918578	5474.84553333333
2.92145	5476.65763333333
2.924321	5469.70513333333
2.927191	5456.9361
2.930059	5461.7189
2.932927	5474.0065
2.935793	5457.89196666667
2.938659	5454.08923333333
2.941523	5457.51426666667
2.944386	5470.75216666667
2.947248	5452.4261
2.950109	5454.05016666667
2.952969	5454.64
2.955828	5448.7917
2.958686	5452.21933333333
2.961543	5458.03196666667
2.964398	5442.27896666667
2.967253	5450.464
2.970106	5437.5274
2.972959	5431.6073
2.97581	5413.6195
2.97866	5424.3817
2.981509	5417.83153333333
2.984357	5418.69636666667
2.987204	5420.91966666667
2.99005	5396.94843333333
2.992894	5398.50663333333
2.995738	5412.0413
2.99858	5413.50746666667
3.001422	5390.75026666667
3.004262	5395.86826666667
3.007101	5391.8886
3.009939	5401.60376666667
3.012776	5396.97776666667
3.015612	5383.17266666667
3.018447	5376.05066666667
3.021281	5362.70463333333
3.024114	5367.89846666667
3.026945	5360.58526666667
3.029775	5355.83853333333
3.032605	5338.65753333333
3.035433	5331.26993333333
3.03826	5355.1802
3.041086	5340.12046666667
3.043911	5337.5012
3.046735	5336.25793333333
3.049558	5337.3768
3.052379	5319.4488
3.0552	5314.8046
3.058019	5312.67773333333
3.060838	5310.3801
3.063655	5300.71276666667
3.066471	5295.1618
3.069286	5288.5034
3.072099	5289.0259
3.074913	5288.30836666667
3.077724	5257.94786666667
3.080535	5280.09443333333
3.083344	5252.43746666667
3.086153	5271.20863333333
3.08896	5242.48343333333
3.091766	5251.22996666667
3.094571	5243.6249
3.097375	5236.1936
3.100178	5227.88343333333
3.102979	5225.74416666667
3.10578	5244.73073333333
3.10858	5203.3204
3.111378	5217.01386666667
3.114175	5197.12296666667
3.116971	5169.30326666667
3.119766	5148.2844
3.122561	5209.97456666667
