0.05872121	6918.07066666667
0.06217522	6982.2913
0.06562919	6892.45016666667
0.06908314	6873.45346666667
0.07253705	6911.15443333333
0.07599092	6867.3715
0.07944476	6846.71033333333
0.08289856	6810.8821
0.08635231	6796.14983333333
0.08980602	6773.30413333333
0.09325969	6730.00346666667
0.09671331	6696.5763
0.1001669	6677.67446666667
0.1036204	6657.8497
0.1070739	6624.225
0.1105273	6580.66126666667
0.1139807	6579.25856666667
0.117434	6523.68026666667
0.1208872	6507.06243333333
0.1243404	6479.43783333333
0.1277936	6440.67973333333
0.1312466	6409.8418
0.1346996	6375.90966666667
0.1381525	6327.03996666667
0.1416054	6292.8129
0.1450582	6270.43603333333
0.1485109	6240.00733333333
0.1519636	6206.9154
0.1554161	6163.68856666667
0.1588686	6139.27533333333
0.162321	6098.2491
0.1657734	6084.15713333333
0.1692256	6043.137
0.1726778	6004.69643333333
0.1761299	5969.6825
0.1795819	5941.59093333333
0.1830338	5911.44446666667
0.1864856	5872.37726666667
0.1899373	5833.09573333333
0.1933889	5802.80116666667
0.1968405	5765.1219
0.2002919	5747.61316666667
0.2037432	5717.82076666667
0.2071945	5672.54566666667
0.2106456	5640.0629
0.2140967	5620.0621
0.2175476	5586.56886666667
0.2209984	5556.53313333333
0.2244491	5527.77363333333
0.2278997	5501.0807
0.2313501	5468.71643333333
0.2348005	5442.80323333333
0.2382507	5392.38163333333
0.2417009	5372.50966666667
0.2451509	5344.5923
0.2486008	5319.79913333333
0.2520505	5292.7921
0.2555002	5264.62076666667
0.2589497	5245.01016666667
0.2623991	5208.5442
0.2658483	5184.07376666667
0.2692975	5164.28613333333
0.2727464	5132.0503
0.2761953	5098.37016666667
0.279644	5082.01703333333
0.2830926	5065.48763333333
0.286541	5031.44156666667
0.2899893	5005.24783333333
0.2934375	4984.1499
0.2968855	4960.91996666667
0.3003333	4943.34746666667
0.303781	4912.09996666667
0.3072286	4893.66473333333
0.310676	4864.99843333333
0.3141232	4847.58593333333
0.3175703	4823.54616666667
0.3210173	4806.4922
0.3244641	4778.99866666667
0.3279107	4758.16633333333
0.3313572	4740.7238
0.3348034	4719.84853333333
0.3382496	4702.39
0.3416955	4689.7451
0.3451413	4670.7404
0.3485869	4645.47823333333
0.3520324	4628.0001
0.3554777	4600.978
0.3589227	4586.93166666667
0.3623677	4571.9148
0.3658124	4548.1102
0.369257	4533.4768
0.3727013	4515.39146666667
0.3761455	4503.81626666667
0.3795895	4488.84853333333
0.3830333	4469.79793333333
0.3864769	4449.71533333333
0.3899204	4436.7393
0.3933636	4419.13916666667
0.3968067	4406.62633333333
0.4002496	4391.90526666667
0.4036922	4379.90276666667
0.4071347	4368.0926
0.4105769	4350.92463333333
0.414019	4337.7223
0.4174608	4328.22356666667
0.4209024	4312.48493333333
0.4243439	4298.13573333333
0.4277851	4286.25866666667
0.4312261	4274.44213333333
0.4346669	4256.5547
0.4381075	4248.5426
0.4415478	4233.05583333333
0.444988	4224.21916666667
0.4484279	4209.86603333333
0.4518676	4202.99886666667
0.4553071	4191.36676666667
0.4587464	4181.06266666667
0.4621854	4165.04926666667
0.4656242	4158.51273333333
0.4690627	4148.31093333333
0.4725011	4139.76103333333
0.4759392	4126.11756666667
0.4793771	4113.09746666667
0.4828147	4108.76713333333
0.4862521	4103.28206666667
0.4896893	4085.463
0.4931262	4077.89603333333
0.4965629	4069.4743
0.4999993	4058.4135
0.5034355	4053.4051
0.5068714	4039.67943333333
0.5103071	4030.48643333333
0.5137425	4028.70363333333
0.5171777	4021.3365
0.5206126	4011.97183333333
0.5240473	4003.73936666667
0.5274817	3995.19353333333
0.5309159	3989.62566666667
0.5343498	3979.39543333333
0.5377834	3974.2274
0.5412167	3971.69933333333
0.5446498	3960.17363333333
0.5480827	3956.4926
0.5515152	3949.63516666667
0.5549475	3942.85456666667
0.5583795	3936.62896666667
0.5618113	3929.8362
0.5652427	3920.6844
0.5686739	3911.87413333333
0.5721048	3907.8846
0.5755354	3905.51853333333
0.5789658	3897.23396666667
0.5823958	3892.77686666667
0.5858256	3882.70573333333
0.589255	3879.96733333333
0.5926843	3873.3008
0.5961131	3867.26233333333
0.5995418	3863.68296666667
0.6029701	3855.0257
0.6063981	3855.43393333333
0.6098258	3845.53226666667
0.6132532	3846.65256666667
0.6166803	3842.9538
0.6201072	3837.08856666667
0.6235337	3827.4359
0.6269599	3824.67736666667
0.6303858	3825.43993333333
0.6338114	3815.1592
0.6372366	3808.2365
0.6406616	3809.23576666667
0.6440862	3807.48536666667
0.6475106	3798.26866666667
0.6509345	3796.74236666667
0.6543582	3792.88393333333
0.6577817	3788.44673333333
0.6612047	3785.6762
0.6646275	3781.6715
0.6680498	3780.02646666667
0.6714719	3769.52283333333
0.6748936	3775.14786666667
0.6783151	3770.92616666667
0.6817361	3762.48703333333
0.6851569	3763.7856
0.6885773	3756.39343333333
0.6919974	3750.55516666667
0.6954171	3755.29166666667
0.6988365	3748.90173333333
0.7022555	3744.33896666667
0.7056743	3741.33723333333
0.7090927	3744.94953333333
0.7125106	3741.38916666667
0.7159283	3733.7662
0.7193456	3734.86943333333
0.7227626	3729.0702
0.7261792	3724.9187
0.7295955	3725.07096666667
0.7330114	3722.76196666667
0.736427	3720.95243333333
0.7398421	3716.0783
0.743257	3718.25556666667
0.7466714	3713.10183333333
0.7500855	3708.5878
0.7534993	3708.1321
0.7569126	3705.8224
0.7603257	3709.3548
0.7637383	3707.19893333333
0.7671505	3703.0531
0.7705624	3697.9517
0.7739739	3698.8714
0.7773851	3696.49716666667
0.7807958	3698.5104
0.7842062	3695.49336666667
0.7876161	3691.37443333333
0.7910257	3692.26993333333
0.794435	3686.24756666667
0.7978438	3687.53903333333
0.8012522	3685.1691
0.8046603	3674.33603333333
0.8080679	3677.53686666667
0.8114753	3677.3474
0.814882	3675.9373
0.8182886	3675.21473333333
0.8216946	3676.5867
0.8251004	3668.40436666667
0.8285056	3669.6305
0.8319104	3667.9356
0.8353149	3664.50316666667
0.838719	3666.40046666667
0.8421227	3662.18473333333
0.8455259	3663.1947
0.8489287	3662.01156666667
0.8523312	3664.7141
0.8557332	3661.24866666667
0.8591347	3660.2856
0.8625359	3657.69676666667
0.8659367	3652.3096
0.8693371	3652.0654
0.8727369	3651.22696666667
0.8761364	3653.5521
0.8795356	3649.61496666667
0.8829342	3649.9106
0.8863324	3654.17926666667
0.8897301	3646.41086666667
0.8931275	3648.6161
0.8965244	3643.54043333333
0.8999209	3643.76083333333
0.903317	3643.22583333333
0.9067126	3640.9908
0.9101078	3641.3551
0.9135025	3638.8143
0.9168968	3639.8823
0.9202906	3639.45616666667
0.9236841	3641.2554
0.9270771	3642.3266
0.9304696	3644.2167
0.9338616	3643.10663333333
0.9372532	3639.53803333333
0.9406444	3649.62346666667
0.9440351	3642.71816666667
0.9474253	3640.39683333333
0.9508151	3646.69996666667
0.9542044	3646.73493333333
0.9575934	3647.42686666667
0.9609817	3644.9657
0.9643697	3648.88856666667
0.9677572	3648.9441
0.9711442	3650.47643333333
0.9745308	3650.64636666667
0.9779168	3655.96026666667
0.9813024	3651.7257
0.9846876	3658.33756666667
0.9880723	3657.45643333333
0.9914563	3661.21506666667
0.9948401	3660.68466666667
0.9982234	3663.80003333333
1.001606	3663.44406666667
1.004988	3665.66213333333
1.00837	3665.2997
1.011751	3668.87703333333
1.015132	3672.35906666667
1.018513	3672.3183
1.021892	3668.38786666667
1.025272	3678.3511
1.028651	3679.48566666667
1.032029	3679.2679
1.035407	3680.9919
1.038784	3680.1254
1.042161	3684.66173333333
1.045537	3688.73476666667
1.048913	3690.4848
1.052289	3693.54653333333
1.055664	3694.51993333333
1.059038	3700.7706
1.062412	3699.29623333333
1.065785	3703.24136666667
1.069158	3703.93683333333
1.07253	3705.06803333333
1.075902	3706.9052
1.079273	3708.76193333333
1.082644	3710.29226666667
1.086014	3720.36623333333
1.089384	3720.62263333333
1.092753	3721.9403
1.096122	3722.7127
1.09949	3728.13363333333
1.102858	3734.53773333333
1.106225	3734.42476666667
1.109591	3736.78963333333
1.112957	3741.16856666667
1.116323	3744.33853333333
1.119688	3744.55903333333
1.123052	3751.40253333333
1.126416	3755.6485
1.12978	3762.401
1.133143	3765.98836666667
1.136505	3768.5375
1.139867	3770.22556666667
1.143228	3776.2417
1.146589	3775.74003333333
1.149949	3780.16936666667
1.153308	3784.8025
1.156667	3788.28473333333
1.160026	3792.10773333333
1.163384	3797.30306666667
1.166741	3798.14966666667
1.170098	3805.49156666667
1.173454	3812.51216666667
1.17681	3813.7448
1.180165	3816.5634
1.18352	3824.6537
1.186874	3826.22806666667
1.190227	3835.17013333333
1.19358	3836.59326666667
1.196932	3842.56626666667
1.200284	3845.81166666667
1.203635	3846.80453333333
1.206986	3851.70963333333
1.210336	3861.2111
1.213686	3866.95583333333
1.217035	3867.29306666667
1.220383	3874.37133333333
1.223731	3880.0406
1.227078	3886.00456666667
1.230424	3892.00656666667
1.23377	3895.52333333333
1.237116	3901.3719
1.240461	3906.12003333333
1.243805	3908.7869
1.247149	3917.50316666667
1.250492	3922.42366666667
1.253834	3926.39186666667
1.257176	3934.07836666667
1.260517	3936.2373
1.263858	3949.5045
1.267198	3951.8741
1.270538	3955.7308
1.273877	3962.43296666667
1.277215	3968.39176666667
1.280553	3974.98193333333
1.28389	3980.8977
1.287226	3988.75503333333
1.290562	3995.34806666667
1.293898	3998.14933333333
1.297232	4007.2222
1.300567	4013.70166666667
1.3039	4017.2352
1.307233	4027.74156666667
1.310565	4026.92486666667
1.313897	4033.67506666667
1.317228	4044.75333333333
1.320558	4050.80153333333
1.323888	4057.4341
1.327217	4065.43213333333
1.330546	4070.47476666667
1.333874	4077.705
1.337201	4085.35256666667
1.340527	4091.77193333333
1.343854	4099.8242
1.347179	4112.17503333333
1.350504	4115.1253
1.353828	4125.884
1.357151	4135.66583333333
1.360474	4141.3991
1.363796	4148.29853333333
1.367118	4151.9717
1.370439	4164.9121
1.373759	4170.0444
1.377079	4173.5343
1.380398	4186.76066666667
1.383716	4193.32383333333
1.387034	4199.69373333333
1.390351	4208.51543333333
1.393668	4214.97216666667
1.396983	4222.3968
1.400299	4228.38
1.403613	4233.32523333333
1.406927	4245.59313333333
1.41024	4259.42603333333
1.413553	4264.33563333333
1.416865	4277.7326
1.420176	4280.81686666667
1.423486	4289.1551
1.426796	4303.198
1.430105	4306.4163
1.433414	4314.52923333333
1.436722	4327.4604
1.440029	4335.72666666667
1.443336	4341.9024
1.446642	4350.27486666667
1.449947	4359.9985
1.453251	4372.1793
1.456555	4381.38543333333
1.459858	4390.2891
1.463161	4397.4725
1.466463	4406.8099
1.469764	4414.3959
1.473065	4422.26306666667
1.476364	4435.85833333333
1.479663	4439.86186666667
1.482962	4453.62176666667
1.48626	4460.86866666667
1.489557	4470.5812
1.492853	4479.15003333333
1.496149	4492.95833333333
1.499444	4500.75063333333
1.502738	4513.02856666667
1.506032	4517.8439
1.509325	4530.3638
1.512617	4537.21013333333
1.515908	4557.05216666667
1.519199	4565.92433333333
1.522489	4570.88396666667
1.525779	4581.34376666667
1.529067	4598.22076666667
1.532355	4609.32916666667
1.535643	4613.19536666667
1.538929	4628.18903333333
1.542215	4640.23406666667
1.5455	4653.8258
1.548785	4664.41056666667
1.552069	4674.81806666667
1.555352	4688.46976666667
1.558634	4704.52246666667
1.561916	4719.1527
1.565197	4728.10203333333
1.568477	4741.98223333333
1.571756	4751.58673333333
1.575035	4767.7699
1.578313	4777.83163333333
1.58159	4789.5145
1.584867	4809.48853333333
1.588143	4816.0124
1.591418	4828.29636666667
1.594693	4847.79243333333
1.597966	4855.25713333333
1.601239	4865.42773333333
1.604511	4883.17453333333
1.607783	4895.28526666667
1.611054	4916.40516666667
1.614324	4924.8336
1.617593	4940.07016666667
1.620862	4951.5437
1.624129	4969.63016666667
1.627396	4981.83233333333
1.630663	5000.1698
1.633928	5012.9247
1.637193	5026.94023333333
1.640457	5042.14773333333
1.643721	5056.5156
1.646983	5068.07603333333
1.650245	5085.28166666667
1.653506	5103.4663
1.656767	5116.84586666667
1.660026	5133.2965
1.663285	5143.2001
1.666543	5155.5356
1.669801	5176.84696666667
1.673057	5192.92653333333
1.676313	5205.8248
1.679568	5221.9231
1.682822	5236.11733333333
1.686076	5249.24016666667
1.689329	5274.711
1.692581	5287.6606
1.695832	5305.3485
1.699083	5317.9612
1.702332	5334.31206666667
1.705581	5347.35956666667
1.70883	5363.19763333333
1.712077	5384.33753333333
1.715324	5398.1232
1.718569	5413.20923333333
1.721815	5428.82053333333
1.725059	5444.46356666667
1.728303	5464.4806
1.731545	5481.13183333333
1.734787	5495.37036666667
1.738029	5511.14963333333
1.741269	5530.77903333333
1.744509	5549.91616666667
1.747747	5559.72423333333
1.750986	5583.49866666667
1.754223	5591.01193333333
1.757459	5607.1133
1.760695	5624.6991
1.76393	5643.6782
1.767164	5660.7919
1.770398	5680.80303333333
1.77363	5694.4718
1.776862	5716.48553333333
1.780093	5723.43686666667
1.783323	5743.61366666667
1.786552	5755.33713333333
1.789781	5775.9452
1.793009	5794.69656666667
1.796236	5811.72006666667
1.799462	5824.33546666667
1.802687	5846.5418
1.805912	5871.8565
1.809136	5884.86716666667
1.812358	5895.20433333333
1.815581	5909.50686666667
1.818802	5932.02216666667
1.822023	5945.6369
1.825242	5954.09073333333
1.828461	5965.5842
1.831679	5983.767
1.834896	5992.4444
1.838113	6013.33156666667
1.841329	6021.6563
1.844543	6033.09116666667
1.847758	6045.26396666667
1.850971	6063.35393333333
1.854183	6074.3619
1.857395	6088.6058
1.860605	6107.3514
1.863815	6117.43796666667
1.867024	6128.80666666667
1.870233	6140.55526666667
1.87344	6154.79063333333
1.876647	6158.5334
1.879852	6172.64273333333
1.883057	6185.9442
1.886261	6193.74583333333
1.889465	6207.52863333333
1.892667	6222.11863333333
1.895869	6231.62646666667
1.89907	6250.5417
1.902269	6262.4106
1.905469	6275.82936666667
1.908667	6286.90363333333
1.911864	6302.37796666667
1.915061	6321.10983333333
1.918256	6325.15646666667
1.921451	6341.34843333333
1.924645	6350.22626666667
1.927839	6365.17066666667
1.931031	6379.71253333333
1.934222	6386.6723
1.937413	6396.20596666667
1.940603	6405.6409
1.943792	6419.69493333333
1.94698	6427.13873333333
1.950167	6433.53296666667
1.953354	6444.21066666667
1.956539	6451.4135
1.959724	6459.65166666667
1.962908	6465.25803333333
1.966091	6473.801
1.969273	6486.10876666667
1.972454	6487.86543333333
1.975634	6497.57616666667
1.978814	6506.70046666667
1.981993	6503.5785
1.98517	6513.17366666667
1.988347	6515.26376666667
1.991523	6522.40833333333
1.994699	6528.26816666667
1.997873	6538.81556666667
2.001046	6534.03233333333
2.004219	6540.3155
2.007391	6543.34356666667
2.010562	6545.79576666667
2.013732	6545.31443333333
2.016901	6543.68853333333
2.020069	6547.02036666667
2.023236	6548.69346666667
2.026403	6548.23683333333
2.029568	6546.60573333333
2.032733	6547.27073333333
2.035897	6548.4086
2.03906	6544.73253333333
2.042222	6541.3852
2.045383	6537.82983333333
2.048544	6543.00066666667
2.051703	6534.32133333333
2.054862	6529.6442
2.058019	6533.282
2.061176	6531.52063333333
2.064332	6526.75233333333
2.067487	6522.2315
2.070641	6507.95383333333
2.073794	6510.8956
2.076946	6506.61633333333
2.080098	6501.27663333333
2.083248	6497.45636666667
2.086398	6485.85423333333
2.089547	6485.00986666667
2.092695	6473.57826666667
2.095842	6472.085
2.098988	6460.32263333333
2.102133	6448.9342
2.105277	6445.29456666667
2.10842	6435.48623333333
2.111563	6431.94776666667
2.114704	6427.3304
2.117845	6413.23156666667
2.120985	6408.32263333333
2.124123	6396.29543333333
2.127261	6387.24713333333
2.130399	6383.5842
2.133534	6371.31996666667
2.13667	6369.6366
2.139804	6348.3712
2.142937	6344.43146666667
2.14607	6330.10796666667
2.149201	6317.38013333333
2.152332	6315.03173333333
2.155462	6300.56103333333
2.158591	6296.25076666667
2.161718	6287.30373333333
2.164845	6273.23336666667
2.167971	6273.70483333333
2.171096	6259.07746666667
2.17422	6249.81103333333
2.177344	6240.25196666667
2.180466	6231.10053333333
2.183588	6220.6746
2.186708	6209.82916666667
2.189827	6203.2881
2.192946	6181.5886
2.196064	6174.90706666667
2.199181	6169.07283333333
2.202296	6155.3413
2.205411	6148.78153333333
2.208525	6136.9523
2.211638	6128.81976666667
2.214751	6109.42143333333
2.217862	6102.69993333333
2.220972	6093.48426666667
2.224082	6077.692
2.22719	6066.23776666667
2.230297	6052.69156666667
2.233404	6046.75536666667
2.236509	6032.48786666667
2.239614	6025.02366666667
2.242718	6015.9422
2.24582	6005.38416666667
2.248922	5987.22346666667
2.252023	5972.33676666667
2.255123	5964.68703333333
2.258222	5955.91136666667
2.26132	5941.9084
2.264417	5928.99266666667
2.267513	5917.35073333333
2.270608	5912.15096666667
2.273703	5902.37366666667
2.276796	5878.67286666667
2.279888	5869.53963333333
2.28298	5860.45943333333
2.28607	5850.32406666667
2.28916	5834.90346666667
2.292248	5822.25163333333
2.295336	5818.67783333333
2.298422	5798.73286666667
2.301508	5782.28273333333
2.304593	5774.15386666667
2.307676	5773.38653333333
2.310759	5751.72216666667
2.313841	5738.69183333333
2.316922	5739.73663333333
2.320002	5725.61996666667
2.323081	5707.69783333333
2.326159	5704.8244
2.329236	5687.6945
2.332312	5680.83316666667
2.335387	5669.82406666667
2.338461	5645.6961
2.341534	5654.14696666667
2.344606	5639.71476666667
2.347677	5632.5691
2.350748	5622.9629
2.353817	5610.67353333333
2.356885	5597.19436666667
2.359953	5589.8986
2.363019	5579.56916666667
2.366084	5568.96873333333
2.369149	5564.25316666667
2.372212	5551.52396666667
2.375275	5550.784
2.378336	5525.36803333333
2.381397	5527.97703333333
2.384456	5514.90613333333
2.387515	5499.55563333333
2.390573	5498.91653333333
2.393629	5480.55643333333
2.396685	5481.9619
2.39974	5474.4034
2.402793	5455.56983333333
2.405846	5455.01593333333
2.408897	5438.36323333333
2.411948	5430.68966666667
2.414998	5423.10946666667
2.418046	5408.39603333333
2.421094	5406.40783333333
2.424141	5390.6525
2.427187	5390.02736666667
2.430231	5381.4034
2.433275	5377.52513333333
2.436318	5361.3894
2.43936	5355.58323333333
2.442401	5354.82513333333
2.445441	5338.78003333333
2.448479	5327.5562
2.451517	5311.5078
2.454554	5316.68076666667
2.45759	5313.8525
2.460625	5303.04343333333
2.463659	5296.81666666667
2.466692	5285.19436666667
2.469723	5277.84203333333
2.472754	5280.24453333333
2.475784	5270.10186666667
2.478813	5266.66186666667
2.481841	5261.59846666667
2.484868	5256.86953333333
2.487894	5247.9141
2.490918	5240.13926666667
2.493942	5238.57756666667
2.496965	5225.2186
2.499987	5224.10973333333
2.503008	5221.99243333333
2.506027	5208.10733333333
2.509046	5208.96073333333
2.512064	5198.17586666667
2.515081	5192.64216666667
2.518097	5185.02313333333
2.521111	5179.92263333333
2.524125	5182.1194
2.527138	5170.05786666667
2.53015	5167.87836666667
2.53316	5158.94516666667
2.53617	5157.92163333333
2.539179	5151.95353333333
2.542186	5148.62143333333
2.545193	5146.25183333333
2.548199	5134.91153333333
2.551203	5139.97686666667
2.554207	5126.30363333333
2.55721	5123.08733333333
2.560211	5121.4247
2.563212	5112.68533333333
2.566211	5108.93546666667
2.56921	5106.57383333333
2.572207	5103.23443333333
2.575204	5092.59196666667
2.5782	5093.0734
2.581194	5084.16276666667
2.584187	5086.20213333333
2.58718	5086.66853333333
2.590171	5081.34533333333
2.593161	5071.90593333333
2.596151	5074.38793333333
2.599139	5063.84553333333
2.602126	5062.89996666667
2.605112	5058.40286666667
2.608098	5058.3345
2.611082	5056.1621
2.614065	5043.54686666667
2.617047	5045.9415
2.620028	5038.4288
2.623008	5048.9296
2.625987	5035.1998
2.628965	5036.5534
2.631942	5031.90866666667
2.634918	5026.90813333333
2.637893	5027.78073333333
2.640867	5021.6515
2.64384	5017.14376666667
2.646811	5017.56786666667
2.649782	5016.3677
2.652752	5017.921
2.65572	5011.18096666667
2.658688	5012.28473333333
2.661655	5006.6139
2.66462	5006.27876666667
2.667585	5002.902
2.670548	5009.6735
2.673511	4996.94583333333
2.676472	4997.34343333333
2.679432	4994.85823333333
2.682391	4995.25223333333
2.68535	4990.4154
2.688307	4983.4299
2.691263	4987.7678
2.694218	4983.38623333333
2.697172	4984.8101
2.700125	4977.1159
2.703077	4979.09716666667
2.706028	4976.1677
2.708978	4981.13433333333
2.711927	4980.42716666667
2.714875	4968.575
2.717821	4971.41236666667
2.720767	4971.69763333333
2.723711	4968.7739
2.726655	4969.5171
2.729598	4964.02603333333
2.732539	4961.0641
2.73548	4960.43616666667
2.738419	4961.53923333333
2.741357	4955.6754
2.744294	4958.17056666667
2.747231	4958.1291
2.750166	4958.07216666667
2.7531	4958.64026666667
2.756033	4954.6253
2.758965	4946.79933333333
2.761896	4944.6794
2.764825	4952.0006
2.767754	4938.2819
2.770682	4944.77163333333
2.773608	4942.3395
2.776534	4929.96146666667
2.779459	4938.91963333333
2.782382	4936.18963333333
2.785304	4932.22276666667
2.788226	4929.88176666667
2.791146	4930.3673
2.794065	4928.76293333333
2.796983	4930.3896
2.799901	4929.92273333333
2.802817	4922.89633333333
2.805732	4919.94886666667
2.808645	4923.53196666667
2.811558	4919.82653333333
2.81447	4916.43713333333
2.817381	4918.05663333333
2.82029	4910.67416666667
2.823199	4912.56226666667
2.826106	4912.16436666667
2.829013	4910.34956666667
2.831918	4909.6959
2.834822	4911.8509
2.837726	4903.9509
2.840628	4901.92903333333
2.843529	4894.85403333333
2.846429	4892.72773333333
2.849328	4892.8792
2.852226	4896.6506
2.855122	4901.59713333333
2.858018	4889.40273333333
2.860912	4885.088
2.863806	4885.97533333333
2.866698	4878.78626666667
2.86959	4876.76423333333
2.87248	4868.4545
2.875369	4866.38226666667
2.878257	4864.19873333333
2.881145	4873.57993333333
2.884031	4866.12836666667
2.886915	4862.75496666667
2.889799	4851.64363333333
2.892682	4847.66676666667
2.895564	4841.41386666667
2.898444	4836.4982
2.901324	4829.40683333333
2.904202	4833.477
2.907079	4825.78893333333
2.909956	4826.5629
2.912831	4821.18786666667
2.915705	4822.39013333333
2.918578	4810.26953333333
2.92145	4816.15063333333
2.924321	4814.50813333333
2.927191	4816.9951
2.930059	4805.0799
2.932927	4788.6955
2.935793	4797.72596666667
2.938659	4800.13823333333
2.941523	4789.87126666667
2.944386	4786.99616666667
2.947248	4789.2361
2.950109	4775.90516666667
2.952969	4783.221
2.955828	4771.8727
2.958686	4776.21633333333
2.961543	4766.04996666667
2.964398	4766.69496666667
2.967253	4762.14
2.970106	4761.3084
2.972959	4753.2933
2.97581	4742.8155
2.97866	4730.3577
2.981509	4743.38653333333
2.984357	4737.03036666667
2.987204	4738.55866666667
2.99005	4717.68543333333
2.992894	4723.56763333333
2.995738	4706.1573
2.99858	4717.01446666667
3.001422	4704.33826666667
3.004262	4697.26426666667
3.007101	4703.0776
3.009939	4691.22276666667
3.012776	4694.61076666667
3.015612	4681.32866666667
3.018447	4679.26866666667
3.021281	4673.63663333333
3.024114	4663.01946666667
3.026945	4658.40626666667
3.029775	4652.13953333333
3.032605	4639.48253333333
3.035433	4643.84793333333
3.03826	4640.3922
3.041086	4628.78946666667
3.043911	4623.5302
3.046735	4608.16893333333
3.049558	4610.4568
3.052379	4599.7758
3.0552	4586.4596
3.058019	4602.41873333333
3.060838	4599.9111
3.063655	4576.13376666667
3.066471	4583.1538
3.069286	4572.0944
3.072099	4583.9039
3.074913	4554.89936666667
3.077724	4535.48586666667
3.080535	4553.69143333333
3.083344	4530.60846666667
3.086153	4532.41063333333
3.08896	4520.79743333333
3.091766	4505.40596666667
3.094571	4512.2319
3.097375	4504.1026
3.100178	4497.34843333333
3.102979	4478.07516666667
3.10578	4495.49373333333
3.10858	4462.1624
3.111378	4468.52686666667
3.114175	4466.47196666667
3.116971	4462.28326666667
3.119766	4444.1314
3.122561	4428.54856666667
