0.05872121	3395.22366666667
0.06217522	3446.0513
0.06562919	3404.08616666667
0.06908314	3395.95346666667
0.07253705	3389.34343333333
0.07599092	3384.5065
0.07944476	3372.79033333333
0.08289856	3373.9281
0.08635231	3359.00483333333
0.08980602	3340.87813333333
0.09325969	3329.18346666667
0.09671331	3323.4303
0.1001669	3309.89546666667
0.1036204	3298.8747
0.1070739	3286.061
0.1105273	3280.33826666667
0.1139807	3262.71156666667
0.117434	3262.80026666667
0.1208872	3241.71643333333
0.1243404	3234.69883333333
0.1277936	3221.10073333333
0.1312466	3208.8798
0.1346996	3189.94666666667
0.1381525	3185.61196666667
0.1416054	3166.1359
0.1450582	3154.89503333333
0.1485109	3144.44333333333
0.1519636	3128.0004
0.1554161	3119.31256666667
0.1588686	3107.89733333333
0.162321	3093.0681
0.1657734	3083.12213333333
0.1692256	3063.936
0.1726778	3046.88043333333
0.1761299	3037.7465
0.1795819	3023.10793333333
0.1830338	3006.44346666667
0.1864856	2997.55426666667
0.1899373	2985.48373333333
0.1933889	2970.17516666667
0.1968405	2959.1579
0.2002919	2944.08816666667
0.2037432	2929.10376666667
0.2071945	2914.25366666667
0.2106456	2908.3959
0.2140967	2895.1831
0.2175476	2887.07586666667
0.2209984	2870.70413333333
0.2244491	2862.86763333333
0.2278997	2848.5027
0.2313501	2831.50643333333
0.2348005	2821.99523333333
0.2382507	2807.28163333333
0.2417009	2795.84866666667
0.2451509	2782.1623
0.2486008	2774.50813333333
0.2520505	2763.5951
0.2555002	2750.29776666667
0.2589497	2740.16116666667
0.2623991	2727.5492
0.2658483	2715.71276666667
0.2692975	2702.02713333333
0.2727464	2697.5383
0.2761953	2684.82216666667
0.279644	2672.74503333333
0.2830926	2669.30963333333
0.286541	2656.14556666667
0.2899893	2642.69783333333
0.2934375	2634.5449
0.2968855	2625.46496666667
0.3003333	2615.84346666667
0.303781	2606.42496666667
0.3072286	2596.49673333333
0.310676	2586.82043333333
0.3141232	2578.11393333333
0.3175703	2569.37516666667
0.3210173	2554.3822
0.3244641	2545.56066666667
0.3279107	2538.51033333333
0.3313572	2532.1028
0.3348034	2522.29553333333
0.3382496	2511.069
0.3416955	2506.8371
0.3451413	2494.3384
0.3485869	2492.30423333333
0.3520324	2484.0071
0.3554777	2472.87
0.3589227	2460.62566666667
0.3623677	2458.0648
0.3658124	2444.5462
0.369257	2438.3018
0.3727013	2430.72446666667
0.3761455	2433.14726666667
0.3795895	2419.91953333333
0.3830333	2416.98293333333
0.3864769	2408.37133333333
0.3899204	2401.2913
0.3933636	2393.35816666667
0.3968067	2385.04633333333
0.4002496	2380.13226666667
0.4036922	2371.31176666667
0.4071347	2368.3366
0.4105769	2359.16363333333
0.414019	2355.0683
0.4174608	2348.24656666667
0.4209024	2342.98593333333
0.4243439	2336.64673333333
0.4277851	2332.82866666667
0.4312261	2326.04813333333
0.4346669	2321.6097
0.4381075	2315.5946
0.4415478	2308.65083333333
0.444988	2306.63916666667
0.4484279	2298.36003333333
0.4518676	2291.28286666667
0.4553071	2291.70976666667
0.4587464	2282.12966666667
0.4621854	2278.63826666667
0.4656242	2272.30573333333
0.4690627	2267.52793333333
0.4725011	2263.19703333333
0.4759392	2259.43656666667
0.4793771	2253.07446666667
0.4828147	2249.90713333333
0.4862521	2243.27806666667
0.4896893	2242.021
0.4931262	2235.19003333333
0.4965629	2230.6093
0.4999993	2226.8005
0.5034355	2225.6101
0.5068714	2220.66843333333
0.5103071	2217.36043333333
0.5137425	2214.18063333333
0.5171777	2208.6335
0.5206126	2206.75583333333
0.5240473	2200.70836666667
0.5274817	2197.77853333333
0.5309159	2195.63866666667
0.5343498	2190.84443333333
0.5377834	2187.2214
0.5412167	2186.90233333333
0.5446498	2182.22963333333
0.5480827	2180.2836
0.5515152	2174.94016666667
0.5549475	2172.94556666667
0.5583795	2168.53696666667
0.5618113	2169.2322
0.5652427	2162.5754
0.5686739	2160.65613333333
0.5721048	2160.8826
0.5755354	2155.66453333333
0.5789658	2154.40996666667
0.5823958	2151.31286666667
0.5858256	2147.70873333333
0.589255	2146.86833333333
0.5926843	2143.5618
0.5961131	2139.76833333333
0.5995418	2138.92396666667
0.6029701	2140.1837
0.6063981	2132.01293333333
0.6098258	2134.02026666667
0.6132532	2128.24156666667
0.6166803	2126.7428
0.6201072	2127.96356666667
0.6235337	2124.1799
0.6269599	2123.10536666667
0.6303858	2120.39993333333
0.6338114	2121.7022
0.6372366	2116.7385
0.6406616	2117.25676666667
0.6440862	2112.63936666667
0.6475106	2112.66766666667
0.6509345	2110.67036666667
0.6543582	2111.51493333333
0.6577817	2107.03173333333
0.6612047	2106.7492
0.6646275	2105.3905
0.6680498	2104.94246666667
0.6714719	2101.19283333333
0.6748936	2100.29486666667
0.6783151	2098.69116666667
0.6817361	2095.68403333333
0.6851569	2094.0976
0.6885773	2095.90543333333
0.6919974	2090.30016666667
0.6954171	2090.38266666667
0.6988365	2092.69373333333
0.7022555	2089.15796666667
0.7056743	2090.19023333333
0.7090927	2088.00353333333
0.7125106	2090.50016666667
0.7159283	2087.9572
0.7193456	2086.60443333333
0.7227626	2084.3812
0.7261792	2086.1177
0.7295955	2085.51696666667
0.7330114	2083.84996666667
0.736427	2082.97543333333
0.7398421	2082.1623
0.743257	2081.87856666667
0.7466714	2081.21283333333
0.7500855	2080.2198
0.7534993	2080.5141
0.7569126	2080.7284
0.7603257	2080.0738
0.7637383	2081.05093333333
0.7671505	2079.1041
0.7705624	2078.0087
0.7739739	2080.6944
0.7773851	2082.22816666667
0.7807958	2077.3794
0.7842062	2079.06536666667
0.7876161	2080.87043333333
0.7910257	2077.50093333333
0.794435	2075.41256666667
0.7978438	2075.21203333333
0.8012522	2078.4021
0.8046603	2075.56503333333
0.8080679	2075.44586666667
0.8114753	2075.2824
0.814882	2075.3803
0.8182886	2075.69773333333
0.8216946	2076.4357
0.8251004	2073.78736666667
0.8285056	2075.1725
0.8319104	2073.7646
0.8353149	2074.16616666667
0.838719	2074.42746666667
0.8421227	2074.99273333333
0.8455259	2077.4217
0.8489287	2074.08156666667
0.8523312	2075.3001
0.8557332	2073.49766666667
0.8591347	2075.9346
0.8625359	2075.02976666667
0.8659367	2076.8256
0.8693371	2077.6134
0.8727369	2075.45496666667
0.8761364	2080.0241
0.8795356	2082.03896666667
0.8829342	2076.3566
0.8863324	2078.23626666667
0.8897301	2080.10286666667
0.8931275	2079.2251
0.8965244	2078.05843333333
0.8999209	2077.69283333333
0.903317	2079.14683333333
0.9067126	2077.6108
0.9101078	2081.5701
0.9135025	2081.8083
0.9168968	2082.5253
0.9202906	2081.36216666667
0.9236841	2085.3194
0.9270771	2086.3266
0.9304696	2085.9657
0.9338616	2088.09663333333
0.9372532	2087.47603333333
0.9406444	2089.02646666667
0.9440351	2090.72616666667
0.9474253	2093.03083333333
0.9508151	2094.67396666667
0.9542044	2095.47993333333
0.9575934	2100.15386666667
0.9609817	2096.2877
0.9643697	2097.27356666667
0.9677572	2101.9411
0.9711442	2102.64843333333
0.9745308	2103.45436666667
0.9779168	2106.06926666667
0.9813024	2106.0667
0.9846876	2109.59856666667
0.9880723	2110.61143333333
0.9914563	2110.99406666667
0.9948401	2115.10866666667
0.9982234	2115.65003333333
1.001606	2119.64906666667
1.004988	2120.94913333333
1.00837	2123.1937
1.011751	2123.66403333333
1.015132	2125.71506666667
1.018513	2128.4703
1.021892	2129.18686666667
1.025272	2130.9421
1.028651	2133.31566666667
1.032029	2138.3839
1.035407	2140.6419
1.038784	2143.3444
1.042161	2143.38373333333
1.045537	2147.79576666667
1.048913	2150.0028
1.052289	2150.95653333333
1.055664	2154.87593333333
1.059038	2155.7536
1.062412	2155.91923333333
1.065785	2160.56636666667
1.069158	2164.73483333333
1.07253	2168.46503333333
1.075902	2168.6022
1.079273	2169.27093333333
1.082644	2173.85726666667
1.086014	2177.32423333333
1.089384	2179.73763333333
1.092753	2182.8403
1.096122	2188.4167
1.09949	2189.78163333333
1.102858	2189.94573333333
1.106225	2195.66276666667
1.109591	2199.18263333333
1.112957	2200.71756666667
1.116323	2205.19753333333
1.119688	2205.95703333333
1.123052	2212.52153333333
1.126416	2215.0905
1.12978	2219.892
1.133143	2222.46536666667
1.136505	2224.6985
1.139867	2228.62156666667
1.143228	2230.9277
1.146589	2236.25703333333
1.149949	2241.00736666667
1.153308	2242.5895
1.156667	2248.81273333333
1.160026	2252.41873333333
1.163384	2254.41106666667
1.166741	2259.22366666667
1.170098	2266.19956666667
1.173454	2268.14416666667
1.17681	2270.7968
1.180165	2274.0574
1.18352	2279.2487
1.186874	2283.62106666667
1.190227	2288.69713333333
1.19358	2292.59626666667
1.196932	2296.67826666667
1.200284	2302.21866666667
1.203635	2305.69153333333
1.206986	2311.43963333333
1.210336	2315.0781
1.213686	2319.47683333333
1.217035	2322.34106666667
1.220383	2329.67833333333
1.223731	2332.6056
1.227078	2338.17456666667
1.230424	2343.60056666667
1.23377	2349.90133333333
1.237116	2355.6689
1.240461	2358.91503333333
1.243805	2363.7639
1.247149	2369.28416666667
1.250492	2374.66466666667
1.253834	2378.16386666667
1.257176	2384.88236666667
1.260517	2389.6563
1.263858	2397.0705
1.267198	2402.5561
1.270538	2407.1738
1.273877	2412.98096666667
1.277215	2414.16076666667
1.280553	2423.85393333333
1.28389	2429.9067
1.287226	2435.09303333333
1.290562	2443.14006666667
1.293898	2446.04033333333
1.297232	2452.9922
1.300567	2460.27966666667
1.3039	2465.8482
1.307233	2469.61856666667
1.310565	2475.76386666667
1.313897	2482.30806666667
1.317228	2488.41933333333
1.320558	2496.98353333333
1.323888	2503.5671
1.327217	2510.09313333333
1.330546	2517.34176666667
1.333874	2522.859
1.337201	2528.30856666667
1.340527	2535.89693333333
1.343854	2544.4372
1.347179	2551.46103333333
1.350504	2557.0103
1.353828	2567.406
1.357151	2576.34783333333
1.360474	2580.5761
1.363796	2590.43153333333
1.367118	2596.8507
1.370439	2606.8051
1.373759	2609.7014
1.377079	2617.3103
1.380398	2623.25766666667
1.383716	2632.80983333333
1.387034	2638.42873333333
1.390351	2650.41343333333
1.393668	2658.66216666667
1.396983	2664.8038
1.400299	2670.342
1.403613	2680.92423333333
1.406927	2689.10413333333
1.41024	2699.31803333333
1.413553	2706.70563333333
1.416865	2716.6516
1.420176	2722.89986666667
1.423486	2735.3081
1.426796	2744.6
1.430105	2752.4473
1.433414	2761.52223333333
1.436722	2771.9514
1.440029	2781.79866666667
1.443336	2790.6464
1.446642	2797.49086666667
1.449947	2806.8905
1.453251	2817.8813
1.456555	2826.87843333333
1.459858	2838.9431
1.463161	2846.5135
1.466463	2859.1359
1.469764	2864.1899
1.473065	2872.90006666667
1.476364	2884.47533333333
1.479663	2895.69286666667
1.482962	2903.03576666667
1.48626	2914.08166666667
1.489557	2922.5872
1.492853	2938.57303333333
1.496149	2945.95433333333
1.499444	2953.00263333333
1.502738	2968.30156666667
1.506032	2979.6689
1.509325	2988.9458
1.512617	2997.44113333333
1.515908	3011.63016666667
1.519199	3022.02933333333
1.522489	3031.05296666667
1.525779	3041.46976666667
1.529067	3058.84676666667
1.532355	3067.52016666667
1.535643	3077.28436666667
1.538929	3088.77503333333
1.542215	3105.57106666667
1.5455	3116.6098
1.548785	3127.79756666667
1.552069	3137.01106666667
1.555352	3149.56876666667
1.558634	3163.90546666667
1.561916	3176.1717
1.565197	3189.61603333333
1.568477	3199.05223333333
1.571756	3211.96873333333
1.575035	3226.8699
1.578313	3238.87863333333
1.58159	3250.5175
1.584867	3267.69953333333
1.588143	3280.3234
1.591418	3292.40536666667
1.594693	3308.03843333333
1.597966	3319.82413333333
1.601239	3330.10973333333
1.604511	3346.14953333333
1.607783	3359.47926666667
1.611054	3374.80916666667
1.614324	3388.8016
1.617593	3399.68416666667
1.620862	3413.9007
1.624129	3427.85916666667
1.627396	3444.07633333333
1.630663	3458.9318
1.633928	3472.1017
1.637193	3486.42223333333
1.640457	3502.12373333333
1.643721	3513.5286
1.646983	3529.76903333333
1.650245	3543.82066666667
1.653506	3563.1673
1.656767	3576.95086666667
1.660026	3591.5665
1.663285	3603.7201
1.666543	3620.0166
1.669801	3632.27396666667
1.673057	3651.20353333333
1.676313	3664.2428
1.679568	3676.3211
1.682822	3693.08233333333
1.686076	3709.35616666667
1.689329	3722.703
1.692581	3737.4926
1.695832	3753.7275
1.699083	3768.9292
1.702332	3787.43106666667
1.705581	3797.60456666667
1.70883	3813.54763333333
1.712077	3829.29353333333
1.715324	3842.3932
1.718569	3859.86023333333
1.721815	3875.19353333333
1.725059	3889.36456666667
1.728303	3905.4536
1.731545	3921.18283333333
1.734787	3935.36236666667
1.738029	3947.89763333333
1.741269	3966.01403333333
1.744509	3982.68516666667
1.747747	3998.81123333333
1.750986	4012.06666666667
1.754223	4024.88493333333
1.757459	4042.2883
1.760695	4056.2421
1.76393	4071.3202
1.767164	4083.4919
1.770398	4102.53803333333
1.77363	4116.9638
1.776862	4131.72953333333
1.780093	4142.80686666667
1.783323	4153.73866666667
1.786552	4166.65313333333
1.789781	4185.4322
1.793009	4201.95656666667
1.796236	4217.17106666667
1.799462	4234.68546666667
1.802687	4247.2328
1.805912	4261.5735
1.809136	4273.29616666667
1.812358	4289.01033333333
1.815581	4302.49886666667
1.818802	4312.55516666667
1.822023	4328.3629
1.825242	4339.79073333333
1.828461	4352.4162
1.831679	4363.166
1.834896	4373.5064
1.838113	4384.82756666667
1.841329	4397.1503
1.844543	4408.62416666667
1.847758	4421.83696666667
1.850971	4433.53393333333
1.854183	4441.2449
1.857395	4452.6158
1.860605	4466.0564
1.863815	4476.80496666667
1.867024	4486.43466666667
1.870233	4495.16026666667
1.87344	4508.04163333333
1.876647	4516.7914
1.879852	4523.94973333333
1.883057	4535.0312
1.886261	4546.87883333333
1.889465	4551.23863333333
1.892667	4561.25363333333
1.895869	4567.30846666667
1.89907	4585.1967
1.902269	4590.4756
1.905469	4600.90736666667
1.908667	4608.62363333333
1.911864	4618.84196666667
1.915061	4627.84183333333
1.918256	4632.87146666667
1.921451	4640.63543333333
1.924645	4647.96026666667
1.927839	4657.22366666667
1.931031	4662.95753333333
1.934222	4667.6843
1.937413	4673.94996666667
1.940603	4678.4879
1.943792	4686.16093333333
1.94698	4693.52373333333
1.950167	4699.32196666667
1.953354	4698.86266666667
1.956539	4707.5835
1.959724	4713.35466666667
1.962908	4716.08703333333
1.966091	4722.467
1.969273	4725.78276666667
1.972454	4726.35443333333
1.975634	4725.77516666667
1.978814	4736.13346666667
1.981993	4734.3165
1.98517	4736.33766666667
1.988347	4738.10076666667
1.991523	4742.98333333333
1.994699	4742.53616666667
1.997873	4740.37756666667
2.001046	4744.92733333333
2.004219	4745.1465
2.007391	4746.59256666667
2.010562	4748.74776666667
2.013732	4744.50343333333
2.016901	4745.10753333333
2.020069	4740.95536666667
2.023236	4739.00946666667
2.026403	4743.43083333333
2.029568	4734.71473333333
2.032733	4737.63273333333
2.035897	4736.3226
2.03906	4733.74653333333
2.042222	4727.5682
2.045383	4730.83683333333
2.048544	4725.65866666667
2.051703	4722.99333333333
2.054862	4714.5092
2.058019	4712.058
2.061176	4709.95963333333
2.064332	4705.47633333333
2.067487	4701.9765
2.070641	4696.08883333333
2.073794	4692.3556
2.076946	4686.42933333333
2.080098	4683.10763333333
2.083248	4677.21536666667
2.086398	4672.37423333333
2.089547	4664.55886666667
2.092695	4661.90226666667
2.095842	4642.622
2.098988	4644.49663333333
2.102133	4633.0872
2.105277	4629.43356666667
2.10842	4623.13923333333
2.111563	4609.70976666667
2.114704	4604.3924
2.117845	4600.37756666667
2.120985	4593.90163333333
2.124123	4584.61043333333
2.127261	4581.26013333333
2.130399	4566.4872
2.133534	4558.82796666667
2.13667	4554.5316
2.139804	4547.6222
2.142937	4538.08346666667
2.14607	4527.02796666667
2.149201	4520.92013333333
2.152332	4516.59073333333
2.155462	4501.57403333333
2.158591	4501.67576666667
2.161718	4492.02773333333
2.164845	4486.85036666667
2.167971	4481.58583333333
2.171096	4470.66246666667
2.17422	4464.39603333333
2.177344	4456.28896666667
2.180466	4451.25853333333
2.183588	4443.7796
2.186708	4431.25816666667
2.189827	4421.1231
2.192946	4413.8416
2.196064	4410.61606666667
2.199181	4398.15683333333
2.202296	4392.0933
2.205411	4384.89753333333
2.208525	4374.1653
2.211638	4362.75076666667
2.214751	4352.57543333333
2.217862	4346.93593333333
2.220972	4340.52226666667
2.224082	4327.359
2.22719	4324.59976666667
2.230297	4316.02256666667
2.233404	4303.73936666667
2.236509	4291.11086666667
2.239614	4283.60866666667
2.242718	4278.5842
2.24582	4268.63216666667
2.248922	4259.89246666667
2.252023	4247.43076666667
2.255123	4243.71703333333
2.258222	4228.25036666667
2.26132	4220.6714
2.264417	4213.11866666667
2.267513	4203.64373333333
2.270608	4197.56596666667
2.273703	4191.66866666667
2.276796	4181.40886666667
2.279888	4172.83963333333
2.28298	4162.82143333333
2.28607	4152.03306666667
2.28916	4140.41146666667
2.292248	4134.76563333333
2.295336	4123.25583333333
2.298422	4114.79086666667
2.301508	4105.03773333333
2.304593	4102.40686666667
2.307676	4094.70253333333
2.310759	4079.42816666667
2.313841	4073.94983333333
2.316922	4064.73663333333
2.320002	4058.18896666667
2.323081	4047.75083333333
2.326159	4040.8054
2.329236	4031.5535
2.332312	4026.69716666667
2.335387	4022.87606666667
2.338461	4003.1871
2.341534	4000.80796666667
2.344606	3992.78276666667
2.347677	3981.3871
2.350748	3978.2999
2.353817	3970.01853333333
2.356885	3961.46136666667
2.359953	3956.2696
2.363019	3946.38716666667
2.366084	3942.98173333333
2.369149	3934.63116666667
2.372212	3927.48996666667
2.375275	3920.279
2.378336	3911.72103333333
2.381397	3912.23003333333
2.384456	3901.09513333333
2.387515	3892.33963333333
2.390573	3886.15553333333
2.393629	3872.11143333333
2.396685	3872.0449
2.39974	3865.1064
2.402793	3854.05583333333
2.405846	3853.43293333333
2.408897	3843.37923333333
2.411948	3838.57866666667
2.414998	3834.89446666667
2.418046	3823.14003333333
2.421094	3819.12983333333
2.424141	3810.3005
2.427187	3806.26336666667
2.430231	3802.2044
2.433275	3792.81413333333
2.436318	3789.2054
2.43936	3781.43723333333
2.442401	3781.50013333333
2.445441	3767.71603333333
2.448479	3760.2772
2.451517	3752.0028
2.454554	3746.60276666667
2.45759	3748.4435
2.460625	3742.23143333333
2.463659	3735.59166666667
2.466692	3726.97036666667
2.469723	3721.64603333333
2.472754	3721.62153333333
2.475784	3711.87386666667
2.478813	3710.24986666667
2.481841	3703.84046666667
2.484868	3698.50553333333
2.487894	3696.1321
2.490918	3689.75126666667
2.493942	3687.68456666667
2.496965	3680.7316
2.499987	3676.85473333333
2.503008	3671.40843333333
2.506027	3664.40033333333
2.509046	3663.33573333333
2.512064	3655.47286666667
2.515081	3655.36216666667
2.518097	3647.00413333333
2.521111	3648.77763333333
2.524125	3642.0984
2.527138	3637.27986666667
2.53015	3635.81836666667
2.53316	3629.39816666667
2.53617	3628.01763333333
2.539179	3621.36953333333
2.542186	3620.49643333333
2.545193	3614.54983333333
2.548199	3610.11253333333
2.551203	3608.21186666667
2.554207	3601.78963333333
2.55721	3598.49733333333
2.560211	3595.5367
2.563212	3585.28333333333
2.566211	3587.67646666667
2.56921	3587.18183333333
2.572207	3584.74343333333
2.575204	3579.57296666667
2.5782	3573.9544
2.581194	3569.66576666667
2.584187	3566.91213333333
2.58718	3566.76653333333
2.590171	3562.39533333333
2.593161	3559.03593333333
2.596151	3554.16693333333
2.599139	3552.89353333333
2.602126	3554.24096666667
2.605112	3548.19486666667
2.608098	3545.4995
2.611082	3546.1181
2.614065	3534.16486666667
2.617047	3537.2645
2.620028	3539.4618
2.623008	3540.7306
2.625987	3531.1378
2.628965	3533.0354
2.631942	3527.72666666667
2.634918	3526.37213333333
2.637893	3524.67173333333
2.640867	3518.5675
2.64384	3517.62076666667
2.646811	3516.76086666667
2.649782	3511.6217
2.652752	3513.005
2.65572	3512.37596666667
2.658688	3510.19173333333
2.661655	3503.6209
2.66462	3500.23476666667
2.667585	3503.104
2.670548	3498.8445
2.673511	3495.54483333333
2.676472	3493.47943333333
2.679432	3493.30323333333
2.682391	3490.90423333333
2.68535	3489.0994
2.688307	3488.2059
2.691263	3483.4018
2.694218	3487.46223333333
2.697172	3483.1801
2.700125	3482.0839
2.703077	3479.97116666667
2.706028	3480.7627
2.708978	3476.99233333333
2.711927	3474.88916666667
2.714875	3472.066
2.717821	3471.25236666667
2.720767	3469.69063333333
2.723711	3468.2439
2.726655	3467.6071
2.729598	3464.94703333333
2.732539	3460.7301
2.73548	3462.27816666667
2.738419	3459.90323333333
2.741357	3458.1414
2.744294	3453.51356666667
2.747231	3449.9641
2.750166	3451.01916666667
2.7531	3445.62826666667
2.756033	3446.9793
2.758965	3445.57633333333
2.761896	3439.6054
2.764825	3446.4546
2.767754	3438.4139
2.770682	3439.52463333333
2.773608	3437.4285
2.776534	3431.62346666667
2.779459	3428.16763333333
2.782382	3430.79363333333
2.785304	3427.14676666667
2.788226	3426.30776666667
2.791146	3422.9593
2.794065	3415.51293333333
2.796983	3418.2936
2.799901	3419.40773333333
2.802817	3413.76233333333
2.805732	3413.93086666667
2.808645	3411.86896666667
2.811558	3405.93853333333
2.81447	3410.26013333333
2.817381	3405.69863333333
2.82029	3401.98316666667
2.823199	3401.01726666667
2.826106	3398.21836666667
2.829013	3395.43856666667
2.831918	3399.6289
2.834822	3393.4879
2.837726	3390.4759
2.840628	3384.94503333333
2.843529	3384.09703333333
2.846429	3382.77373333333
2.849328	3382.2592
2.852226	3371.5346
2.855122	3377.21413333333
2.858018	3371.29673333333
2.860912	3374
2.863806	3364.07233333333
2.866698	3368.64726666667
2.86959	3365.21623333333
2.87248	3360.8985
2.875369	3359.87626666667
2.878257	3350.63973333333
2.881145	3353.77193333333
2.884031	3343.05636666667
2.886915	3345.39096666667
2.889799	3345.57063333333
2.892682	3339.43676666667
2.895564	3335.69586666667
2.898444	3328.7222
2.901324	3327.79783333333
2.904202	3326.173
2.907079	3319.89693333333
2.909956	3318.5149
2.912831	3314.66586666667
2.915705	3314.76313333333
2.918578	3311.73153333333
2.92145	3302.95663333333
2.924321	3311.89513333333
2.927191	3303.4721
2.930059	3296.3899
2.932927	3291.4985
2.935793	3287.30296666667
2.938659	3284.27523333333
2.941523	3282.77426666667
2.944386	3279.31916666667
2.947248	3276.2391
2.950109	3269.83216666667
2.952969	3272.23
2.955828	3261.7637
2.958686	3261.64033333333
2.961543	3263.62496666667
2.964398	3253.86296666667
2.967253	3247.633
2.970106	3247.8304
2.972959	3247.9143
2.97581	3237.9345
2.97866	3234.0617
2.981509	3231.44353333333
2.984357	3228.15836666667
2.987204	3215.10066666667
2.99005	3217.07443333333
2.992894	3205.15563333333
2.995738	3209.2333
2.99858	3212.27146666667
3.001422	3195.09126666667
3.004262	3183.95026666667
3.007101	3187.0916
3.009939	3193.10676666667
3.012776	3180.16376666667
3.015612	3179.66066666667
3.018447	3172.26966666667
3.021281	3165.43963333333
3.024114	3160.58946666667
3.026945	3150.54926666667
3.029775	3156.32953333333
3.032605	3140.05453333333
3.035433	3145.18193333333
3.03826	3130.6132
3.041086	3129.54446666667
3.043911	3123.6022
3.046735	3127.12093333333
3.049558	3116.8418
3.052379	3109.6808
3.0552	3094.8416
3.058019	3099.70973333333
3.060838	3084.8431
3.063655	3080.81576666667
3.066471	3083.8098
3.069286	3067.6004
3.072099	3067.6529
3.074913	3044.61636666667
3.077724	3050.79086666667
3.080535	3049.68843333333
3.083344	3036.15546666667
3.086153	3038.12663333333
3.08896	3028.75643333333
3.091766	3019.93596666667
3.094571	3020.0259
3.097375	3016.5616
3.100178	3009.90543333333
3.102979	2999.83016666667
3.10578	2985.36373333333
3.10858	2983.2444
3.111378	2972.57086666667
3.114175	2966.25896666667
3.116971	2987.50526666667
3.119766	2972.5344
3.122561	2934.33456666667
