0.05872121	11188.3826666667
0.06217522	11163.8543
0.06562919	11073.5491666667
0.06908314	11094.4694666667
0.07253705	11054.7404333333
0.07599092	10928.0555
0.07944476	10885.2893333333
0.08289856	10795.3441
0.08635231	10753.8248333333
0.08980602	10698.7841333333
0.09325969	10624.6514666667
0.09671331	10563.8803
0.1001669	10501.6754666667
0.1036204	10442.8807
0.1070739	10384.96
0.1105273	10312.7572666667
0.1139807	10240.4795666667
0.117434	10172.3312666667
0.1208872	10118.7284333333
0.1243404	10016.4238333333
0.1277936	9960.77173333333
0.1312466	9883.9248
0.1346996	9830.60166666667
0.1381525	9764.97496666667
0.1416054	9692.9609
0.1450582	9630.06303333333
0.1485109	9536.80633333333
0.1519636	9493.6064
0.1554161	9429.54756666667
0.1588686	9377.73933333333
0.162321	9288.9931
0.1657734	9243.85913333333
0.1692256	9159.5
0.1726778	9092.73243333333
0.1761299	9051.5085
0.1795819	8968.62693333333
0.1830338	8908.03946666667
0.1864856	8865.83226666667
0.1899373	8789.46373333333
0.1933889	8728.93816666667
0.1968405	8686.2039
0.2002919	8621.87016666667
0.2037432	8561.66676666667
0.2071945	8496.31266666667
0.2106456	8441.5619
0.2140967	8393.5931
0.2175476	8333.22886666667
0.2209984	8289.97713333333
0.2244491	8240.91863333333
0.2278997	8188.1967
0.2313501	8129.33843333333
0.2348005	8075.11523333333
0.2382507	8039.28863333333
0.2417009	7984.14166666667
0.2451509	7930.7323
0.2486008	7888.37013333333
0.2520505	7842.6401
0.2555002	7791.93676666667
0.2589497	7754.36016666667
0.2623991	7702.7672
0.2658483	7655.53776666667
0.2692975	7626.38513333333
0.2727464	7587.9403
0.2761953	7539.76416666667
0.279644	7495.52603333333
0.2830926	7474.34463333333
0.286541	7439.05856666667
0.2899893	7398.62683333333
0.2934375	7353.0339
0.2968855	7318.90796666667
0.3003333	7278.18246666667
0.303781	7253.73096666667
0.3072286	7216.79073333333
0.310676	7184.42643333333
0.3141232	7135.11393333333
0.3175703	7108.27816666667
0.3210173	7087.5482
0.3244641	7048.51066666667
0.3279107	7032.61733333333
0.3313572	6993.2278
0.3348034	6961.47953333333
0.3382496	6938.405
0.3416955	6906.9711
0.3451413	6875.9214
0.3485869	6841.78223333333
0.3520324	6821.1171
0.3554777	6793.394
0.3589227	6772.50266666667
0.3623677	6733.8778
0.3658124	6717.9752
0.369257	6689.4328
0.3727013	6673.80846666667
0.3761455	6658.81326666667
0.3795895	6632.47553333333
0.3830333	6609.88993333333
0.3864769	6601.36933333333
0.3899204	6569.2983
0.3933636	6551.86116666667
0.3968067	6535.68833333333
0.4002496	6508.14326666667
0.4036922	6496.80676666667
0.4071347	6478.9806
0.4105769	6463.62863333333
0.414019	6435.6973
0.4174608	6425.35756666667
0.4209024	6403.79793333333
0.4243439	6398.77773333333
0.4277851	6382.86066666667
0.4312261	6357.80113333333
0.4346669	6347.1237
0.4381075	6333.9836
0.4415478	6318.20683333333
0.444988	6299.34416666667
0.4484279	6293.68203333333
0.4518676	6279.44886666667
0.4553071	6263.27576666667
0.4587464	6248.51166666667
0.4621854	6243.91626666667
0.4656242	6221.73573333333
0.4690627	6221.70493333333
0.4725011	6206.26003333333
0.4759392	6197.84856666667
0.4793771	6180.01546666667
0.4828147	6166.96313333333
0.4862521	6158.87906666667
0.4896893	6148.66
0.4931262	6131.08603333333
0.4965629	6127.2843
0.4999993	6112.5485
0.5034355	6108.2031
0.5068714	6096.42943333333
0.5103071	6095.55443333333
0.5137425	6087.49063333333
0.5171777	6072.8865
0.5206126	6062.96383333333
0.5240473	6066.07836666667
0.5274817	6049.25053333333
0.5309159	6043.34466666667
0.5343498	6029.70443333333
0.5377834	6026.7264
0.5412167	6024.13833333333
0.5446498	6020.72563333333
0.5480827	6011.9226
0.5515152	6007.38616666667
0.5549475	6003.38356666667
0.5583795	5994.16496666667
0.5618113	5983.2352
0.5652427	5976.0204
0.5686739	5979.88013333333
0.5721048	5973.1926
0.5755354	5965.39453333333
0.5789658	5957.24296666667
0.5823958	5955.24086666667
0.5858256	5955.76673333333
0.589255	5953.16033333333
0.5926843	5938.9748
0.5961131	5941.80333333333
0.5995418	5953.33496666667
0.6029701	5940.6527
0.6063981	5932.74093333333
0.6098258	5933.63926666667
0.6132532	5922.74056666667
0.6166803	5924.7028
0.6201072	5919.66956666667
0.6235337	5912.5949
0.6269599	5911.16436666667
0.6303858	5910.34893333333
0.6338114	5920.4912
0.6372366	5907.5005
0.6406616	5906.22776666667
0.6440862	5906.78136666667
0.6475106	5904.15066666667
0.6509345	5898.79836666667
0.6543582	5908.97593333333
0.6577817	5897.93973333333
0.6612047	5897.6432
0.6646275	5891.8585
0.6680498	5893.74546666667
0.6714719	5891.34683333333
0.6748936	5885.07186666667
0.6783151	5882.21416666667
0.6817361	5881.07503333333
0.6851569	5881.4906
0.6885773	5883.63543333333
0.6919974	5874.33216666667
0.6954171	5878.03966666667
0.6988365	5880.97873333333
0.7022555	5881.63696666667
0.7056743	5884.79823333333
0.7090927	5870.98453333333
0.7125106	5873.78316666667
0.7159283	5874.1022
0.7193456	5880.42543333333
0.7227626	5876.3902
0.7261792	5875.8247
0.7295955	5875.50896666667
0.7330114	5872.75296666667
0.736427	5869.98943333333
0.7398421	5869.1333
0.743257	5879.47056666667
0.7466714	5881.71983333333
0.7500855	5865.9978
0.7534993	5875.3221
0.7569126	5878.9954
0.7603257	5873.5908
0.7637383	5876.43793333333
0.7671505	5881.8681
0.7705624	5885.8317
0.7739739	5878.0594
0.7773851	5877.93816666667
0.7807958	5876.1154
0.7842062	5883.18436666667
0.7876161	5879.10043333333
0.7910257	5878.89493333333
0.794435	5878.42956666667
0.7978438	5868.29703333333
0.8012522	5879.1861
0.8046603	5870.07303333333
0.8080679	5867.26586666667
0.8114753	5861.4244
0.814882	5869.8833
0.8182886	5869.77173333333
0.8216946	5866.6687
0.8251004	5861.21636666667
0.8285056	5865.6045
0.8319104	5865.4956
0.8353149	5866.63416666667
0.838719	5860.30846666667
0.8421227	5856.54773333333
0.8455259	5864.1867
0.8489287	5863.54256666667
0.8523312	5860.0641
0.8557332	5854.66466666667
0.8591347	5857.7696
0.8625359	5852.38876666667
0.8659367	5853.0226
0.8693371	5855.3224
0.8727369	5854.28396666667
0.8761364	5847.0771
0.8795356	5846.35796666667
0.8829342	5845.7706
0.8863324	5842.66626666667
0.8897301	5834.24186666667
0.8931275	5843.6361
0.8965244	5835.79043333333
0.8999209	5843.66483333333
0.903317	5834.01783333333
0.9067126	5829.9778
0.9101078	5832.3721
0.9135025	5826.1133
0.9168968	5827.4963
0.9202906	5832.33516666667
0.9236841	5833.2294
0.9270771	5836.3636
0.9304696	5836.0597
0.9338616	5833.14563333333
0.9372532	5835.44103333333
0.9406444	5841.40946666667
0.9440351	5829.68916666667
0.9474253	5834.11083333333
0.9508151	5836.91496666667
0.9542044	5842.13793333333
0.9575934	5843.60286666667
0.9609817	5846.4037
0.9643697	5850.24056666667
0.9677572	5847.7301
0.9711442	5851.97143333333
0.9745308	5849.99736666667
0.9779168	5858.25626666667
0.9813024	5859.5277
0.9846876	5855.37956666667
0.9880723	5860.02443333333
0.9914563	5858.39406666667
0.9948401	5863.34466666667
0.9982234	5865.86603333333
1.001606	5875.31006666667
1.004988	5871.22013333333
1.00837	5876.9867
1.011751	5868.99103333333
1.015132	5878.63606666667
1.018513	5878.7693
1.021892	5880.36986666667
1.025272	5886.4691
1.028651	5891.08266666667
1.032029	5888.2009
1.035407	5896.1449
1.038784	5895.9844
1.042161	5897.61373333333
1.045537	5901.43676666667
1.048913	5901.7348
1.052289	5911.21553333333
1.055664	5914.56193333333
1.059038	5920.7276
1.062412	5923.20523333333
1.065785	5922.65536666667
1.069158	5928.67283333333
1.07253	5936.96203333333
1.075902	5936.7622
1.079273	5929.21393333333
1.082644	5934.92026666667
1.086014	5936.90623333333
1.089384	5950.01663333333
1.092753	5950.3063
1.096122	5954.8047
1.09949	5959.82563333333
1.102858	5960.83973333333
1.106225	5965.04576666667
1.109591	5971.93063333333
1.112957	5977.28256666667
1.116323	5976.64653333333
1.119688	5986.17803333333
1.123052	5997.04153333333
1.126416	5997.4135
1.12978	6004.407
1.133143	6004.93936666667
1.136505	6009.3385
1.139867	6014.92656666667
1.143228	6022.3527
1.146589	6022.92603333333
1.149949	6029.44936666667
1.153308	6036.8495
1.156667	6044.69573333333
1.160026	6049.62373333333
1.163384	6047.81206666667
1.166741	6058.38766666667
1.170098	6062.26856666667
1.173454	6065.56616666667
1.17681	6071.4238
1.180165	6076.1434
1.18352	6085.5097
1.186874	6090.50106666667
1.190227	6098.05013333333
1.19358	6098.80926666667
1.196932	6107.63926666667
1.200284	6118.57266666667
1.203635	6123.15753333333
1.206986	6126.75963333333
1.210336	6133.1711
1.213686	6143.30083333333
1.217035	6143.32206666667
1.220383	6144.95733333333
1.223731	6158.1426
1.227078	6164.13656666667
1.230424	6172.76856666667
1.23377	6174.32133333333
1.237116	6178.2229
1.240461	6190.46603333333
1.243805	6198.8509
1.247149	6201.52416666667
1.250492	6210.23466666667
1.253834	6211.36886666667
1.257176	6225.32036666667
1.260517	6225.9963
1.263858	6231.5855
1.267198	6241.7481
1.270538	6255.2468
1.273877	6260.51096666667
1.277215	6263.58776666667
1.280553	6272.95993333333
1.28389	6278.7227
1.287226	6285.97203333333
1.290562	6291.57606666667
1.293898	6302.51233333333
1.297232	6312.7112
1.300567	6317.36966666667
1.3039	6324.2042
1.307233	6321.91656666667
1.310565	6333.28086666667
1.313897	6339.18206666667
1.317228	6350.03033333333
1.320558	6356.97653333333
1.323888	6370.4761
1.327217	6374.62613333333
1.330546	6375.91476666667
1.333874	6391.411
1.337201	6393.05856666667
1.340527	6407.26593333333
1.343854	6410.8482
1.347179	6428.11803333333
1.350504	6429.2983
1.353828	6443.079
1.357151	6461.10783333333
1.360474	6463.4391
1.363796	6471.66753333333
1.367118	6481.1177
1.370439	6488.9991
1.373759	6489.0984
1.377079	6500.6743
1.380398	6502.39966666667
1.383716	6506.50883333333
1.387034	6517.39073333333
1.390351	6516.99243333333
1.393668	6525.88816666667
1.396983	6535.5148
1.400299	6544.093
1.403613	6562.60823333333
1.406927	6578.77513333333
1.41024	6587.95603333333
1.413553	6594.30963333333
1.416865	6608.6816
1.420176	6618.99386666667
1.423486	6623.3931
1.426796	6645.128
1.430105	6648.8713
1.433414	6648.15123333333
1.436722	6661.5094
1.440029	6675.64466666667
1.443336	6683.2504
1.446642	6701.91386666667
1.449947	6701.2175
1.453251	6714.2273
1.456555	6716.94643333333
1.459858	6732.0871
1.463161	6739.5175
1.466463	6749.4389
1.469764	6754.3639
1.473065	6751.37806666667
1.476364	6757.42933333333
1.479663	6760.24986666667
1.482962	6771.53176666667
1.48626	6778.54766666667
1.489557	6784.7012
1.492853	6791.45203333333
1.496149	6795.78333333333
1.499444	6808.44863333333
1.502738	6818.30556666667
1.506032	6818.9969
1.509325	6823.7358
1.512617	6827.54713333333
1.515908	6834.92816666667
1.519199	6855.26733333333
1.522489	6856.53896666667
1.525779	6864.81076666667
1.529067	6876.54576666667
1.532355	6890.79316666667
1.535643	6892.70136666667
1.538929	6898.36803333333
1.542215	6908.65406666667
1.5455	6921.9288
1.548785	6932.50056666667
1.552069	6940.31406666667
1.555352	6951.60876666667
1.558634	6954.14446666667
1.561916	6963.8177
1.565197	6976.61803333333
1.568477	6987.23123333333
1.571756	7000.58273333333
1.575035	7007.4239
1.578313	7013.17163333333
1.58159	7025.7425
1.584867	7035.97853333333
1.588143	7047.3564
1.591418	7061.43936666667
1.594693	7065.00143333333
1.597966	7076.78413333333
1.601239	7083.02373333333
1.604511	7096.45753333333
1.607783	7105.09626666667
1.611054	7123.58116666667
1.614324	7127.2256
1.617593	7140.37416666667
1.620862	7152.4487
1.624129	7159.99516666667
1.627396	7176.76933333333
1.630663	7183.0628
1.633928	7185.8827
1.637193	7208.66823333333
1.640457	7220.33873333333
1.643721	7230.4426
1.646983	7239.63303333333
1.650245	7251.34266666667
1.653506	7269.0873
1.656767	7275.83886666667
1.660026	7287.5725
1.663285	7299.9191
1.666543	7313.0356
1.669801	7315.84896666667
1.673057	7329.07253333333
1.676313	7351.7058
1.679568	7356.2731
1.682822	7373.88133333333
1.686076	7376.35816666667
1.689329	7397.168
1.692581	7406.9176
1.695832	7418.4155
1.699083	7431.7532
1.702332	7438.72906666667
1.705581	7455.83356666667
1.70883	7461.14463333333
1.712077	7476.83753333333
1.715324	7491.6302
1.718569	7502.29423333333
1.721815	7521.74653333333
1.725059	7528.35156666667
1.728303	7549.5106
1.731545	7559.20983333333
1.734787	7567.70736666667
1.738029	7580.25163333333
1.741269	7593.57303333333
1.744509	7618.26916666667
1.747747	7624.29323333333
1.750986	7635.14266666667
1.754223	7652.07093333333
1.757459	7655.3863
1.760695	7665.5181
1.76393	7681.4492
1.767164	7699.4429
1.770398	7719.92303333333
1.77363	7728.4198
1.776862	7738.41253333333
1.780093	7750.98186666667
1.783323	7756.47366666667
1.786552	7767.92113333333
1.789781	7777.9142
1.793009	7800.35956666667
1.796236	7801.57906666667
1.799462	7823.89346666667
1.802687	7836.7048
1.805912	7851.1305
1.809136	7864.71116666667
1.812358	7873.01633333333
1.815581	7886.87886666667
1.818802	7900.39316666667
1.822023	7916.1989
1.825242	7921.62673333333
1.828461	7940.6392
1.831679	7956.444
1.834896	7964.4574
1.838113	7980.26256666667
1.841329	7992.5583
1.844543	8001.00216666667
1.847758	8006.71996666667
1.850971	8028.05593333333
1.854183	8029.3999
1.857395	8044.4088
1.860605	8051.3954
1.863815	8056.21496666667
1.867024	8078.07966666667
1.870233	8087.61326666667
1.87344	8093.42863333333
1.876647	8105.0204
1.879852	8111.07273333333
1.883057	8124.3992
1.886261	8132.75083333333
1.889465	8146.98263333333
1.892667	8155.75863333333
1.895869	8161.96246666667
1.89907	8169.1007
1.902269	8179.6366
1.905469	8184.61636666667
1.908667	8196.68363333333
1.911864	8206.84996666667
1.915061	8217.16383333333
1.918256	8221.29246666667
1.921451	8229.76443333333
1.924645	8233.80926666667
1.927839	8242.53866666667
1.931031	8247.90853333333
1.934222	8251.1013
1.937413	8263.17496666667
1.940603	8272.4799
1.943792	8274.09193333333
1.94698	8276.62073333333
1.950167	8279.96196666667
1.953354	8295.52266666667
1.956539	8292.0285
1.959724	8298.13866666667
1.962908	8299.72203333333
1.966091	8302.415
1.969273	8318.29676666667
1.972454	8321.48143333333
1.975634	8318.08916666667
1.978814	8318.92446666667
1.981993	8329.8895
1.98517	8323.19866666667
1.988347	8321.50076666667
1.991523	8327.76533333333
1.994699	8323.68016666667
1.997873	8328.65756666667
2.001046	8332.74433333333
2.004219	8332.2415
2.007391	8334.41456666667
2.010562	8323.23476666667
2.013732	8332.25143333333
2.016901	8323.20753333333
2.020069	8330.01036666667
2.023236	8323.09446666667
2.026403	8317.31783333333
2.029568	8315.73873333333
2.032733	8314.14173333333
2.035897	8309.4646
2.03906	8307.49753333333
2.042222	8304.4032
2.045383	8302.22383333333
2.048544	8291.61266666667
2.051703	8284.96833333333
2.054862	8288.3222
2.058019	8279.291
2.061176	8268.83363333333
2.064332	8273.24233333333
2.067487	8258.7495
2.070641	8254.57883333333
2.073794	8250.9156
2.076946	8237.23933333333
2.080098	8240.08663333333
2.083248	8234.05836666667
2.086398	8218.65423333333
2.089547	8214.29186666667
2.092695	8212.10626666667
2.095842	8207.269
2.098988	8200.07563333333
2.102133	8190.8552
2.105277	8186.76056666667
2.10842	8186.23823333333
2.111563	8178.51976666667
2.114704	8164.5954
2.117845	8158.87756666667
2.120985	8146.81263333333
2.124123	8133.42543333333
2.127261	8126.38213333333
2.130399	8120.7892
2.133534	8103.06796666667
2.13667	8094.6616
2.139804	8087.4982
2.142937	8077.59846666667
2.14607	8056.56896666667
2.149201	8058.63513333333
2.152332	8045.04873333333
2.155462	8018.70103333333
2.158591	8002.47376666667
2.161718	7981.74473333333
2.164845	7971.94636666667
2.167971	7960.66783333333
2.171096	7949.96346666667
2.17422	7934.78403333333
2.177344	7925.66496666667
2.180466	7902.11753333333
2.183588	7889.4306
2.186708	7875.24316666667
2.189827	7869.3211
2.192946	7851.2476
2.196064	7840.38806666667
2.199181	7827.53883333333
2.202296	7814.6253
2.205411	7804.97953333333
2.208525	7787.4343
2.211638	7776.56976666667
2.214751	7763.33143333333
2.217862	7749.77293333333
2.220972	7734.62526666667
2.224082	7718.095
2.22719	7699.37476666667
2.230297	7701.69856666667
2.233404	7680.85336666667
2.236509	7662.88686666667
2.239614	7647.22266666667
2.242718	7638.7442
2.24582	7617.46016666667
2.248922	7602.88546666667
2.252023	7598.64576666667
2.255123	7584.51203333333
2.258222	7570.03236666667
2.26132	7554.8584
2.264417	7535.62866666667
2.267513	7531.85373333333
2.270608	7518.71796666667
2.273703	7493.85166666667
2.276796	7483.67286666667
2.279888	7464.75263333333
2.28298	7457.67943333333
2.28607	7445.21506666667
2.28916	7425.30046666667
2.292248	7414.98463333333
2.295336	7408.22983333333
2.298422	7387.32786666667
2.301508	7372.77273333333
2.304593	7372.10986666667
2.307676	7356.61753333333
2.310759	7343.77316666667
2.313841	7324.50383333333
2.316922	7309.83163333333
2.320002	7302.63796666667
2.323081	7282.79783333333
2.326159	7273.2924
2.329236	7262.8265
2.332312	7253.05716666667
2.335387	7234.22906666667
2.338461	7209.3041
2.341534	7217.89696666667
2.344606	7195.89876666667
2.347677	7193.0451
2.350748	7184.4619
2.353817	7166.62253333333
2.356885	7152.61836666667
2.359953	7144.3426
2.363019	7135.61816666667
2.366084	7118.51273333333
2.369149	7114.50516666667
2.372212	7091.92596666667
2.375275	7083.238
2.378336	7071.71703333333
2.381397	7067.95603333333
2.384456	7046.93113333333
2.387515	7047.14063333333
2.390573	7038.35853333333
2.393629	7020.60143333333
2.396685	7013.1439
2.39974	6996.3534
2.402793	6985.50883333333
2.405846	6976.40993333333
2.408897	6972.11623333333
2.411948	6957.99566666667
2.414998	6945.37046666667
2.418046	6939.22803333333
2.421094	6925.92283333333
2.424141	6919.4675
2.427187	6911.01636666667
2.430231	6901.6824
2.433275	6885.15813333333
2.436318	6885.2124
2.43936	6873.65323333333
2.442401	6863.90513333333
2.445441	6845.56903333333
2.448479	6827.4282
2.451517	6819.9718
2.454554	6807.36276666667
2.45759	6807.5835
2.460625	6798.61743333333
2.463659	6792.88966666667
2.466692	6776.20936666667
2.469723	6775.35303333333
2.472754	6767.68753333333
2.475784	6767.15586666667
2.478813	6747.52886666667
2.481841	6735.80646666667
2.484868	6736.95553333333
2.487894	6727.4191
2.490918	6723.84526666667
2.493942	6708.11356666667
2.496965	6706.5876
2.499987	6694.90473333333
2.503008	6686.03543333333
2.506027	6681.02933333333
2.509046	6672.07873333333
2.512064	6665.25686666667
2.515081	6653.00616666667
2.518097	6655.42213333333
2.521111	6634.23163333333
2.524125	6636.2304
2.527138	6629.51786666667
2.53015	6621.07436666667
2.53316	6606.95816666667
2.53617	6612.74563333333
2.539179	6601.33953333333
2.542186	6591.38543333333
2.545193	6589.08283333333
2.548199	6579.00853333333
2.551203	6572.20586666667
2.554207	6567.14263333333
2.55721	6564.49033333333
2.560211	6553.7677
2.563212	6551.47033333333
2.566211	6539.74946666667
2.56921	6531.72183333333
2.572207	6534.50043333333
2.575204	6524.89796666667
2.5782	6521.7924
2.581194	6506.20076666667
2.584187	6506.62513333333
2.58718	6505.01153333333
2.590171	6497.95833333333
2.593161	6492.73693333333
2.596151	6481.11093333333
2.599139	6478.36253333333
2.602126	6474.97096666667
2.605112	6470.36286666667
2.608098	6458.1565
2.611082	6465.9611
2.614065	6449.56786666667
2.617047	6434.9965
2.620028	6446.2518
2.623008	6452.7866
2.625987	6436.2838
2.628965	6428.9494
2.631942	6429.34766666667
2.634918	6422.79613333333
2.637893	6418.02073333333
2.640867	6406.1445
2.64384	6414.63976666667
2.646811	6404.57986666667
2.649782	6403.1937
2.652752	6404.897
2.65572	6392.43296666667
2.658688	6397.24973333333
2.661655	6393.9939
2.66462	6383.31676666667
2.667585	6385.837
2.670548	6400.3585
2.673511	6387.74283333333
2.676472	6371.55643333333
2.679432	6375.98123333333
2.682391	6370.68223333333
2.68535	6370.3374
2.688307	6366.3369
2.691263	6353.8368
2.694218	6349.72523333333
2.697172	6350.6901
2.700125	6349.7959
2.703077	6344.05016666667
2.706028	6348.7847
2.708978	6337.51733333333
2.711927	6336.40016666667
2.714875	6331.579
2.717821	6332.85336666667
2.720767	6330.66263333333
2.723711	6323.9149
2.726655	6322.9871
2.729598	6329.90203333333
2.732539	6312.6871
2.73548	6317.28116666667
2.738419	6324.93923333333
2.741357	6322.5514
2.744294	6321.11356666667
2.747231	6314.0041
2.750166	6307.75016666667
2.7531	6318.26226666667
2.756033	6300.3973
2.758965	6305.06133333333
2.761896	6304.9714
2.764825	6302.3356
2.767754	6301.8929
2.770682	6297.51863333333
2.773608	6298.4805
2.776534	6305.47246666667
2.779459	6297.50163333333
2.782382	6304.35563333333
2.785304	6287.49476666667
2.788226	6296.14576666667
2.791146	6289.7123
2.794065	6287.07293333333
2.796983	6296.6656
2.799901	6289.21873333333
2.802817	6277.51733333333
2.805732	6281.63786666667
2.808645	6279.80396666667
2.811558	6279.99153333333
2.81447	6276.85313333333
2.817381	6269.91463333333
2.82029	6268.64816666667
2.823199	6268.38026666667
2.826106	6266.78936666667
2.829013	6269.94656666667
2.831918	6271.1499
2.834822	6267.2639
2.837726	6255.5209
2.840628	6253.38603333333
2.843529	6263.84103333333
2.846429	6259.48373333333
2.849328	6253.0732
2.852226	6248.5466
2.855122	6242.96113333333
2.858018	6252.68173333333
2.860912	6248.978
2.863806	6242.33633333333
2.866698	6241.16426666667
2.86959	6231.40523333333
2.87248	6242.4725
2.875369	6228.09726666667
2.878257	6230.70573333333
2.881145	6228.82893333333
2.884031	6218.98936666667
2.886915	6235.64396666667
2.889799	6234.14863333333
2.892682	6214.94376666667
2.895564	6212.99586666667
2.898444	6218.0302
2.901324	6217.50283333333
2.904202	6206.443
2.907079	6182.84793333333
2.909956	6205.7619
2.912831	6209.79486666667
2.915705	6195.71213333333
2.918578	6173.53853333333
2.92145	6195.77763333333
2.924321	6215.12313333333
2.927191	6184.4291
2.930059	6182.0929
2.932927	6165.8075
2.935793	6199.09796666667
2.938659	6179.58423333333
2.941523	6163.36426666667
2.944386	6168.46516666667
2.947248	6157.4941
2.950109	6158.12116666667
2.952969	6163.853
2.955828	6153.5967
2.958686	6148.15333333333
2.961543	6148.16596666667
2.964398	6141.20296666667
2.967253	6145.598
2.970106	6126.1744
2.972959	6135.8033
2.97581	6136.7265
2.97866	6124.0287
2.981509	6118.76753333333
2.984357	6109.73936666667
2.987204	6107.55266666667
2.99005	6123.22443333333
2.992894	6128.52963333333
2.995738	6094.1133
2.99858	6097.81746666667
3.001422	6078.13426666667
3.004262	6091.57626666667
3.007101	6091.8756
3.009939	6092.76376666667
3.012776	6063.11276666667
3.015612	6077.76666666667
3.018447	6063.28866666667
3.021281	6068.65263333333
3.024114	6076.06646666667
3.026945	6066.77126666667
3.029775	6036.99453333333
3.032605	6047.20053333333
3.035433	6052.80393333333
3.03826	6063.7582
3.041086	6027.32946666667
3.043911	6036.9682
3.046735	5994.77793333333
3.049558	5997.4968
3.052379	6003.3588
3.0552	5999.0806
3.058019	6007.38673333333
3.060838	5985.6861
3.063655	5972.87276666667
3.066471	5985.4618
3.069286	5955.5284
3.072099	5974.8379
3.074913	5952.02636666667
3.077724	5972.89786666667
3.080535	5952.66743333333
3.083344	5922.59846666667
3.086153	5948.36063333333
3.08896	5949.25343333333
3.091766	5937.53296666667
3.094571	5927.0069
3.097375	5882.5426
3.100178	5889.03543333333
3.102979	5885.12316666667
3.10578	5878.96673333333
3.10858	5874.3444
3.111378	5893.81186666667
3.114175	5864.43796666667
3.116971	5886.52026666667
3.119766	5830.9804
3.122561	5851.18356666667
