0.05872121	9838.08266666667
0.06217522	9895.3343
0.06562919	9854.82916666667
0.06908314	9810.74946666667
0.07253705	9841.98043333333
0.07599092	9805.4655
0.07944476	9772.00933333333
0.08289856	9780.7241
0.08635231	9727.33583333333
0.08980602	9725.01613333333
0.09325969	9688.75546666667
0.09671331	9670.2483
0.1001669	9651.68946666667
0.1036204	9600.8857
0.1070739	9587.669
0.1105273	9532.79726666667
0.1139807	9538.70356666667
0.117434	9500.34026666667
0.1208872	9471.04043333333
0.1243404	9452.00383333333
0.1277936	9416.40273333333
0.1312466	9366.7028
0.1346996	9335.32766666667
0.1381525	9332.50796666667
0.1416054	9283.0559
0.1450582	9254.81403333333
0.1485109	9247.91033333334
0.1519636	9208.5224
0.1554161	9178.04656666667
0.1588686	9148.61733333333
0.162321	9095.5721
0.1657734	9074.67313333333
0.1692256	9046.95
0.1726778	9006.57443333333
0.1761299	8971.9695
0.1795819	8942.69793333333
0.1830338	8909.08346666667
0.1864856	8875.32326666667
0.1899373	8839.22673333333
0.1933889	8823.04416666667
0.1968405	8770.0779
0.2002919	8748.75716666667
0.2037432	8726.75076666667
0.2071945	8692.04666666667
0.2106456	8664.5669
0.2140967	8623.9291
0.2175476	8576.50486666667
0.2209984	8563.52913333333
0.2244491	8542.00463333333
0.2278997	8512.1717
0.2313501	8461.02643333333
0.2348005	8444.36423333333
0.2382507	8409.47963333333
0.2417009	8386.25166666667
0.2451509	8361.7943
0.2486008	8333.57913333333
0.2520505	8298.2671
0.2555002	8278.59576666667
0.2589497	8232.81416666667
0.2623991	8210.0352
0.2658483	8196.92076666667
0.2692975	8156.46513333333
0.2727464	8132.0933
0.2761953	8091.33916666667
0.279644	8065.34103333333
0.2830926	8050.82863333333
0.286541	8027.93056666667
0.2899893	8004.97183333333
0.2934375	7971.8119
0.2968855	7957.61296666667
0.3003333	7915.67046666667
0.303781	7902.08396666667
0.3072286	7885.46073333333
0.310676	7859.86943333333
0.3141232	7834.36493333333
0.3175703	7794.20016666667
0.3210173	7779.2322
0.3244641	7755.14166666667
0.3279107	7740.39233333333
0.3313572	7709.7998
0.3348034	7690.58653333333
0.3382496	7683.985
0.3416955	7660.3741
0.3451413	7634.0694
0.3485869	7604.14623333333
0.3520324	7594.4981
0.3554777	7565.505
0.3589227	7562.11566666667
0.3623677	7536.0668
0.3658124	7502.3882
0.369257	7477.2678
0.3727013	7454.37646666667
0.3761455	7461.69226666667
0.3795895	7435.71453333333
0.3830333	7422.29593333333
0.3864769	7398.19733333333
0.3899204	7394.7253
0.3933636	7359.76616666667
0.3968067	7348.04633333333
0.4002496	7338.89826666667
0.4036922	7326.20076666667
0.4071347	7316.1246
0.4105769	7299.24663333333
0.414019	7277.4103
0.4174608	7256.57256666667
0.4209024	7248.32793333333
0.4243439	7232.71973333333
0.4277851	7224.14766666667
0.4312261	7216.21213333333
0.4346669	7185.7347
0.4381075	7192.3166
0.4415478	7169.89583333333
0.444988	7153.56316666667
0.4484279	7150.10903333333
0.4518676	7130.13086666667
0.4553071	7121.09576666667
0.4587464	7102.43466666667
0.4621854	7091.98526666667
0.4656242	7083.88473333333
0.4690627	7073.73893333333
0.4725011	7061.43003333333
0.4759392	7036.83956666667
0.4793771	7036.39446666667
0.4828147	7030.68113333333
0.4862521	7003.85806666667
0.4896893	7005.373
0.4931262	6999.47703333333
0.4965629	6979.9253
0.4999993	6973.8185
0.5034355	6962.5631
0.5068714	6953.13543333333
0.5103071	6954.14243333333
0.5137425	6946.90863333333
0.5171777	6928.9965
0.5206126	6926.43783333333
0.5240473	6914.14336666667
0.5274817	6903.52453333333
0.5309159	6896.88966666667
0.5343498	6894.05643333333
0.5377834	6891.3974
0.5412167	6873.75633333333
0.5446498	6869.00663333333
0.5480827	6868.3586
0.5515152	6870.75416666667
0.5549475	6861.60756666667
0.5583795	6848.06696666667
0.5618113	6850.1352
0.5652427	6840.3774
0.5686739	6826.97213333333
0.5721048	6827.7926
0.5755354	6823.80453333333
0.5789658	6807.58596666667
0.5823958	6813.37286666667
0.5858256	6800.85673333333
0.589255	6799.58533333333
0.5926843	6788.8128
0.5961131	6796.01133333333
0.5995418	6788.95896666667
0.6029701	6776.7557
0.6063981	6779.18993333333
0.6098258	6775.85826666667
0.6132532	6771.78456666667
0.6166803	6776.0158
0.6201072	6767.66556666667
0.6235337	6757.5979
0.6269599	6762.67136666667
0.6303858	6756.58693333333
0.6338114	6750.1302
0.6372366	6758.0865
0.6406616	6748.66076666667
0.6440862	6754.24336666667
0.6475106	6741.52166666667
0.6509345	6732.20336666667
0.6543582	6733.63593333333
0.6577817	6728.86173333333
0.6612047	6732.3782
0.6646275	6727.2505
0.6680498	6722.81746666667
0.6714719	6721.76483333333
0.6748936	6721.72486666667
0.6783151	6721.30416666667
0.6817361	6714.13203333333
0.6851569	6711.3636
0.6885773	6716.75643333333
0.6919974	6704.41116666667
0.6954171	6708.57266666667
0.6988365	6701.66073333333
0.7022555	6707.03196666667
0.7056743	6711.01323333333
0.7090927	6699.22053333333
0.7125106	6699.22616666667
0.7159283	6704.1082
0.7193456	6703.81443333333
0.7227626	6694.5302
0.7261792	6696.7017
0.7295955	6703.12996666667
0.7330114	6696.20796666667
0.736427	6689.67343333333
0.7398421	6684.9243
0.743257	6688.04156666667
0.7466714	6694.07383333333
0.7500855	6684.6648
0.7534993	6690.1261
0.7569126	6689.2334
0.7603257	6693.2758
0.7637383	6683.88893333333
0.7671505	6690.6631
0.7705624	6687.0127
0.7739739	6683.9674
0.7773851	6693.03816666667
0.7807958	6679.8824
0.7842062	6690.66836666667
0.7876161	6682.47943333333
0.7910257	6675.58693333333
0.794435	6679.16756666667
0.7978438	6674.99703333333
0.8012522	6680.1961
0.8046603	6657.46703333333
0.8080679	6668.60586666667
0.8114753	6666.6494
0.814882	6661.7003
0.8182886	6654.19773333333
0.8216946	6655.6297
0.8251004	6653.25936666667
0.8285056	6654.8605
0.8319104	6650.2136
0.8353149	6650.82016666667
0.838719	6644.69346666667
0.8421227	6650.45973333333
0.8455259	6643.5137
0.8489287	6640.50856666667
0.8523312	6640.0831
0.8557332	6634.19566666667
0.8591347	6622.9116
0.8625359	6623.68476666667
0.8659367	6621.2456
0.8693371	6626.0574
0.8727369	6622.28796666667
0.8761364	6618.0141
0.8795356	6615.58496666667
0.8829342	6604.7596
0.8863324	6612.55326666667
0.8897301	6612.05986666667
0.8931275	6608.9971
0.8965244	6600.76143333333
0.8999209	6596.79783333333
0.903317	6604.63383333333
0.9067126	6583.4918
0.9101078	6580.1071
0.9135025	6577.1013
0.9168968	6581.5493
0.9202906	6579.93416666667
0.9236841	6583.9314
0.9270771	6580.3836
0.9304696	6579.7607
0.9338616	6585.25263333333
0.9372532	6583.04203333333
0.9406444	6584.58746666667
0.9440351	6585.27516666667
0.9474253	6588.11783333333
0.9508151	6583.59296666667
0.9542044	6592.05493333333
0.9575934	6587.92186666667
0.9609817	6585.0927
0.9643697	6589.26756666667
0.9677572	6593.3481
0.9711442	6596.13743333333
0.9745308	6588.01936666667
0.9779168	6591.42426666667
0.9813024	6593.1657
0.9846876	6601.38056666667
0.9880723	6595.30343333333
0.9914563	6597.12406666667
0.9948401	6602.90666666667
0.9982234	6591.16003333333
1.001606	6595.69506666667
1.004988	6601.62113333333
1.00837	6599.2857
1.011751	6599.91303333333
1.015132	6603.36106666667
1.018513	6598.6183
1.021892	6611.07186666667
1.025272	6598.7591
1.028651	6605.53366666667
1.032029	6613.1689
1.035407	6618.8339
1.038784	6618.0984
1.042161	6617.45073333333
1.045537	6617.70076666667
1.048913	6623.0158
1.052289	6621.97953333333
1.055664	6626.05193333333
1.059038	6637.5836
1.062412	6630.64423333333
1.065785	6627.95036666667
1.069158	6639.63183333333
1.07253	6636.98303333333
1.075902	6639.6102
1.079273	6639.69093333333
1.082644	6636.36926666667
1.086014	6651.24623333333
1.089384	6649.34963333333
1.092753	6653.9123
1.096122	6665.2747
1.09949	6661.92163333333
1.102858	6659.06573333333
1.106225	6660.67276666667
1.109591	6664.86063333333
1.112957	6672.39756666667
1.116323	6670.18353333333
1.119688	6678.10003333333
1.123052	6680.27853333333
1.126416	6681.9025
1.12978	6687.458
1.133143	6694.11036666667
1.136505	6702.0945
1.139867	6698.06456666667
1.143228	6702.4197
1.146589	6705.73703333333
1.149949	6710.46936666667
1.153308	6711.9525
1.156667	6717.14473333333
1.160026	6722.67973333333
1.163384	6723.01106666667
1.166741	6719.92766666667
1.170098	6728.80856666667
1.173454	6737.63916666667
1.17681	6735.9168
1.180165	6747.5004
1.18352	6745.4287
1.186874	6756.52806666667
1.190227	6752.76113333333
1.19358	6764.27126666667
1.196932	6766.36726666667
1.200284	6767.61166666667
1.203635	6772.87153333333
1.206986	6780.52863333333
1.210336	6783.3581
1.213686	6791.97283333333
1.217035	6789.07706666667
1.220383	6796.66933333333
1.223731	6793.4506
1.227078	6801.68856666667
1.230424	6808.59556666667
1.23377	6815.83233333333
1.237116	6818.2729
1.240461	6829.94803333333
1.243805	6829.1459
1.247149	6832.09816666667
1.250492	6838.34966666667
1.253834	6833.90186666667
1.257176	6852.54536666667
1.260517	6844.8293
1.263858	6850.6125
1.267198	6859.1831
1.270538	6865.9198
1.273877	6863.41596666667
1.277215	6869.54076666667
1.280553	6875.06893333333
1.28389	6879.5257
1.287226	6880.47703333333
1.290562	6897.37506666667
1.293898	6890.46033333333
1.297232	6905.6512
1.300567	6907.43266666667
1.3039	6913.2942
1.307233	6913.98356666667
1.310565	6916.61386666667
1.313897	6924.47506666667
1.317228	6924.65933333333
1.320558	6938.36753333333
1.323888	6940.9101
1.327217	6940.55813333333
1.330546	6948.74876666667
1.333874	6964.724
1.337201	6966.94656666667
1.340527	6968.92593333333
1.343854	6977.8822
1.347179	6989.43003333333
1.350504	6988.0123
1.353828	7006.896
1.357151	7019.63383333333
1.360474	7010.3011
1.363796	7019.41053333333
1.367118	7026.0927
1.370439	7032.6341
1.373759	7032.0624
1.377079	7033.2703
1.380398	7028.00766666667
1.383716	7034.87783333333
1.387034	7047.71673333333
1.390351	7048.18043333333
1.393668	7053.40616666667
1.396983	7058.8108
1.400299	7068.206
1.403613	7076.16223333333
1.406927	7094.22813333333
1.41024	7096.26303333333
1.413553	7106.39563333333
1.416865	7112.8086
1.420176	7123.84186666667
1.423486	7121.9651
1.426796	7146.106
1.430105	7145.8643
1.433414	7150.17623333333
1.436722	7169.3644
1.440029	7170.19766666667
1.443336	7171.5234
1.446642	7190.01686666667
1.449947	7195.3385
1.453251	7201.7073
1.456555	7208.02143333333
1.459858	7209.6071
1.463161	7228.9995
1.466463	7220.9629
1.469764	7239.0439
1.473065	7227.62806666667
1.476364	7226.39833333333
1.479663	7230.42286666667
1.482962	7238.31276666667
1.48626	7233.79066666667
1.489557	7244.6042
1.492853	7241.45603333333
1.496149	7254.59133333333
1.499444	7255.64363333333
1.502738	7264.48156666667
1.506032	7263.3749
1.509325	7265.9378
1.512617	7282.39813333333
1.515908	7287.46016666667
1.519199	7293.77533333333
1.522489	7302.27096666667
1.525779	7313.92576666667
1.529067	7315.17276666667
1.532355	7321.06216666667
1.535643	7332.84036666667
1.538929	7335.19603333333
1.542215	7343.99506666667
1.5455	7351.1528
1.548785	7365.68656666667
1.552069	7358.06706666667
1.555352	7368.56476666667
1.558634	7375.21846666667
1.561916	7386.2207
1.565197	7400.38603333333
1.568477	7399.71323333333
1.571756	7410.67173333333
1.575035	7419.1359
1.578313	7428.88663333333
1.58159	7439.0535
1.584867	7454.53153333333
1.588143	7457.0944
1.591418	7464.14936666667
1.594693	7483.54043333333
1.597966	7494.43713333333
1.601239	7498.44673333333
1.604511	7508.74653333333
1.607783	7522.18726666667
1.611054	7520.95916666667
1.614324	7530.4786
1.617593	7543.80916666667
1.620862	7549.9997
1.624129	7558.01016666667
1.627396	7572.11233333333
1.630663	7583.7738
1.633928	7580.7357
1.637193	7595.99623333333
1.640457	7605.32673333333
1.643721	7618.2126
1.646983	7623.58403333333
1.650245	7642.83666666667
1.653506	7658.7673
1.656767	7662.55386666667
1.660026	7670.3085
1.663285	7687.2881
1.666543	7687.9876
1.669801	7698.11196666667
1.673057	7716.44753333333
1.676313	7727.1548
1.679568	7724.2351
1.682822	7743.77833333333
1.686076	7758.08316666667
1.689329	7770.38
1.692581	7782.2336
1.695832	7791.0325
1.699083	7796.8992
1.702332	7810.22306666667
1.705581	7813.83756666667
1.70883	7822.16163333333
1.712077	7838.18053333333
1.715324	7857.6162
1.718569	7859.42623333333
1.721815	7876.49453333333
1.725059	7888.43756666667
1.728303	7900.4876
1.731545	7911.26783333333
1.734787	7922.15036666667
1.738029	7937.30663333333
1.741269	7944.50403333333
1.744509	7957.97016666667
1.747747	7969.84223333333
1.750986	7993.24166666667
1.754223	7988.30093333333
1.757459	8000.2333
1.760695	8010.8951
1.76393	8021.4392
1.767164	8033.8939
1.770398	8040.79803333333
1.77363	8065.0058
1.776862	8074.56353333333
1.780093	8085.37086666667
1.783323	8096.12266666667
1.786552	8098.14713333333
1.789781	8114.5872
1.793009	8125.89656666667
1.796236	8135.68106666667
1.799462	8154.79546666667
1.802687	8158.3228
1.805912	8176.5615
1.809136	8181.72516666667
1.812358	8196.00533333333
1.815581	8216.31286666667
1.818802	8214.97316666667
1.822023	8230.1209
1.825242	8249.68773333333
1.828461	8254.3842
1.831679	8273.853
1.834896	8283.3414
1.838113	8293.82656666667
1.841329	8302.7343
1.844543	8317.46416666667
1.847758	8325.33496666667
1.850971	8344.90793333333
1.854183	8351.1009
1.857395	8357.7958
1.860605	8375.2744
1.863815	8383.90496666667
1.867024	8394.02266666667
1.870233	8395.60726666667
1.87344	8415.30863333333
1.876647	8428.9434
1.879852	8430.39973333333
1.883057	8451.8072
1.886261	8455.01783333333
1.889465	8460.35263333333
1.892667	8465.39163333333
1.895869	8484.03346666667
1.89907	8499.0227
1.902269	8507.2696
1.905469	8508.00736666667
1.908667	8518.90263333333
1.911864	8523.64596666667
1.915061	8537.91683333333
1.918256	8541.76346666667
1.921451	8549.80043333333
1.924645	8559.57026666667
1.927839	8563.36166666667
1.931031	8575.03553333333
1.934222	8579.4553
1.937413	8582.16396666667
1.940603	8594.6529
1.943792	8607.55993333333
1.94698	8609.53673333333
1.950167	8614.80896666667
1.953354	8620.61266666667
1.956539	8636.6145
1.959724	8636.24366666667
1.962908	8648.44703333333
1.966091	8652.178
1.969273	8658.19176666667
1.972454	8657.03243333333
1.975634	8661.72316666667
1.978814	8664.88646666667
1.981993	8668.8675
1.98517	8679.06866666667
1.988347	8675.81876666667
1.991523	8676.35433333333
1.994699	8684.55416666667
1.997873	8678.76556666667
2.001046	8693.03433333333
2.004219	8688.7805
2.007391	8695.59356666667
2.010562	8699.16676666667
2.013732	8696.06243333333
2.016901	8696.80953333333
2.020069	8701.99536666667
2.023236	8705.19646666667
2.026403	8698.18983333333
2.029568	8695.35073333333
2.032733	8702.67273333333
2.035897	8693.6926
2.03906	8702.74953333333
2.042222	8696.1422
2.045383	8694.35083333333
2.048544	8687.28666666667
2.051703	8693.28133333333
2.054862	8684.9592
2.058019	8683.474
2.061176	8693.46563333333
2.064332	8676.84733333333
2.067487	8673.1205
2.070641	8670.80883333333
2.073794	8664.7706
2.076946	8661.92933333333
2.080098	8655.36063333333
2.083248	8644.09736666667
2.086398	8642.79723333333
2.089547	8639.70286666667
2.092695	8637.65526666667
2.095842	8639.619
2.098988	8638.00463333333
2.102133	8642.9042
2.105277	8627.95256666667
2.10842	8620.98523333333
2.111563	8606.98976666667
2.114704	8607.5834
2.117845	8611.54056666667
2.120985	8610.46063333333
2.124123	8587.85743333333
2.127261	8583.33913333333
2.130399	8567.6622
2.133534	8560.97496666667
2.13667	8561.8366
2.139804	8556.4462
2.142937	8538.74146666667
2.14607	8536.49696666667
2.149201	8521.53513333333
2.152332	8511.72673333333
2.155462	8486.63803333333
2.158591	8473.19576666667
2.161718	8455.22573333333
2.164845	8449.17236666667
2.167971	8426.22283333333
2.171096	8425.80046666667
2.17422	8411.03103333333
2.177344	8400.11296666667
2.180466	8388.96753333333
2.183588	8369.8386
2.186708	8362.08716666667
2.189827	8337.1871
2.192946	8323.9526
2.196064	8322.43706666667
2.199181	8306.14483333333
2.202296	8302.4493
2.205411	8283.98453333333
2.208525	8280.2163
2.211638	8262.37576666667
2.214751	8249.33543333333
2.217862	8234.23393333333
2.220972	8222.96826666667
2.224082	8208.891
2.22719	8192.17776666667
2.230297	8178.94556666667
2.233404	8174.82236666667
2.236509	8163.79786666667
2.239614	8142.72566666667
2.242718	8140.5022
2.24582	8124.92816666667
2.248922	8110.51846666667
2.252023	8093.80976666667
2.255123	8087.14003333333
2.258222	8063.73736666667
2.26132	8050.3404
2.264417	8044.01666666667
2.267513	8020.28073333333
2.270608	8015.53796666667
2.273703	7988.32066666667
2.276796	7985.63286666667
2.279888	7978.64663333333
2.28298	7957.06443333333
2.28607	7947.98106666667
2.28916	7929.72046666667
2.292248	7911.37963333333
2.295336	7905.47783333333
2.298422	7885.70686666667
2.301508	7875.32973333333
2.304593	7856.90386666667
2.307676	7836.26953333333
2.310759	7836.18116666667
2.313841	7822.87683333333
2.316922	7807.38463333333
2.320002	7811.18596666667
2.323081	7790.24383333333
2.326159	7774.8864
2.329236	7763.8475
2.332312	7744.92916666667
2.335387	7736.84806666667
2.338461	7715.7971
2.341534	7709.68496666667
2.344606	7702.74576666667
2.347677	7688.7171
2.350748	7671.9749
2.353817	7666.92353333333
2.356885	7651.39536666667
2.359953	7647.0626
2.363019	7630.29616666667
2.366084	7618.22773333333
2.369149	7595.68516666667
2.372212	7589.43696666667
2.375275	7598.741
2.378336	7576.12803333333
2.381397	7559.15803333333
2.384456	7552.19313333333
2.387515	7535.81763333333
2.390573	7529.08353333333
2.393629	7513.69643333333
2.396685	7498.6169
2.39974	7495.9634
2.402793	7479.50083333333
2.405846	7474.41893333333
2.408897	7455.61023333333
2.411948	7462.66066666667
2.414998	7438.93446666667
2.418046	7436.70903333333
2.421094	7424.16883333333
2.424141	7409.9395
2.427187	7400.82136666667
2.430231	7403.7694
2.433275	7381.00813333333
2.436318	7376.5314
2.43936	7361.53823333333
2.442401	7354.12413333333
2.445441	7333.53903333333
2.448479	7327.6152
2.451517	7304.1738
2.454554	7301.49876666667
2.45759	7299.7275
2.460625	7285.53143333333
2.463659	7281.19266666667
2.466692	7272.01536666667
2.469723	7256.49903333333
2.472754	7254.95753333333
2.475784	7257.21286666667
2.478813	7236.98486666667
2.481841	7231.86046666667
2.484868	7220.06153333333
2.487894	7216.7871
2.490918	7204.92526666667
2.493942	7198.42056666667
2.496965	7186.1196
2.499987	7175.74073333333
2.503008	7172.66943333333
2.506027	7152.99633333333
2.509046	7158.83973333333
2.512064	7151.14986666667
2.515081	7141.03616666667
2.518097	7131.83013333333
2.521111	7127.72663333333
2.524125	7116.5304
2.527138	7117.94986666667
2.53015	7098.85136666667
2.53316	7099.04216666667
2.53617	7092.00763333333
2.539179	7080.87653333333
2.542186	7073.97043333333
2.545193	7076.74983333333
2.548199	7061.46153333333
2.551203	7052.96886666667
2.554207	7046.36063333333
2.55721	7036.58433333333
2.560211	7034.2437
2.563212	7030.61133333333
2.566211	7017.69446666667
2.56921	7009.94183333333
2.572207	7001.57643333333
2.575204	7008.89996666667
2.5782	6996.7874
2.581194	6983.97576666667
2.584187	6978.19113333333
2.58718	6980.77853333333
2.590171	6976.66533333333
2.593161	6969.44893333333
2.596151	6947.26693333333
2.599139	6952.56353333333
2.602126	6954.89096666667
2.605112	6936.63986666667
2.608098	6932.5965
2.611082	6930.5711
2.614065	6924.36786666667
2.617047	6915.5505
2.620028	6924.3258
2.623008	6923.4446
2.625987	6910.0318
2.628965	6903.7824
2.631942	6898.48066666667
2.634918	6894.62413333333
2.637893	6889.58173333333
2.640867	6885.2235
2.64384	6879.65776666667
2.646811	6880.11086666667
2.649782	6871.5967
2.652752	6873.627
2.65572	6861.38396666667
2.658688	6856.19573333333
2.661655	6855.4529
2.66462	6842.58976666667
2.667585	6852.361
2.670548	6846.6045
2.673511	6838.69383333333
2.676472	6832.11043333333
2.679432	6832.32223333333
2.682391	6836.77223333333
2.68535	6832.1484
2.688307	6829.1339
2.691263	6829.9358
2.694218	6817.57223333333
2.697172	6818.6251
2.700125	6810.9749
2.703077	6815.77916666667
2.706028	6811.7237
2.708978	6807.28333333333
2.711927	6808.65616666667
2.714875	6795.73
2.717821	6793.22336666667
2.720767	6798.95063333333
2.723711	6788.3919
2.726655	6799.3721
2.729598	6788.93003333333
2.732539	6787.1691
2.73548	6786.16116666667
2.738419	6777.54923333333
2.741357	6777.2854
2.744294	6787.20756666667
2.747231	6784.2941
2.750166	6784.24216666667
2.7531	6771.25526666667
2.756033	6772.0273
2.758965	6779.30533333333
2.761896	6772.3384
2.764825	6781.3486
2.767754	6756.8959
2.770682	6773.73763333333
2.773608	6763.4155
2.776534	6764.34946666667
2.779459	6756.61063333333
2.782382	6765.71563333333
2.785304	6759.55476666667
2.788226	6747.78276666667
2.791146	6755.5633
2.794065	6757.81593333333
2.796983	6753.9356
2.799901	6757.68273333333
2.802817	6757.22233333333
2.805732	6756.46986666667
2.808645	6740.32496666667
2.811558	6749.86353333333
2.81447	6757.06213333333
2.817381	6748.67863333333
2.82029	6735.53616666667
2.823199	6741.10726666667
2.826106	6750.66536666667
2.829013	6733.04856666667
2.831918	6745.0079
2.834822	6733.3469
2.837726	6720.9719
2.840628	6734.97203333333
2.843529	6725.98103333333
2.846429	6738.28673333333
2.849328	6723.8492
2.852226	6724.5956
2.855122	6729.94613333333
2.858018	6717.26373333333
2.860912	6708.722
2.863806	6715.14733333333
2.866698	6723.59426666667
2.86959	6721.09823333333
2.87248	6706.8865
2.875369	6706.72826666667
2.878257	6701.05873333333
2.881145	6696.88893333333
2.884031	6692.93936666667
2.886915	6711.56196666667
2.889799	6701.24063333333
2.892682	6689.73876666667
2.895564	6701.75386666667
2.898444	6682.7072
2.901324	6691.65283333333
2.904202	6686.788
2.907079	6676.28793333333
2.909956	6667.6569
2.912831	6685.73686666667
2.915705	6678.54413333333
2.918578	6663.49053333333
2.92145	6666.59263333333
2.924321	6673.58913333333
2.927191	6664.5461
2.930059	6659.6619
2.932927	6663.8405
2.935793	6655.24496666667
2.938659	6649.15523333333
2.941523	6650.60126666667
2.944386	6653.08216666667
2.947248	6645.7201
2.950109	6645.05016666667
2.952969	6636.869
2.955828	6651.5557
2.958686	6656.42533333333
2.961543	6636.01696666667
2.964398	6633.44696666667
2.967253	6641.155
2.970106	6631.1674
2.972959	6618.2793
2.97581	6620.7645
2.97866	6609.7597
2.981509	6621.32953333333
2.984357	6630.81436666667
2.987204	6628.29566666667
2.99005	6612.37843333333
2.992894	6607.74663333333
2.995738	6594.8343
2.99858	6607.59446666667
3.001422	6591.57126666667
3.004262	6605.95726666667
3.007101	6585.2316
3.009939	6573.68376666667
3.012776	6587.51176666667
3.015612	6569.34966666667
3.018447	6580.90166666667
3.021281	6585.72563333333
3.024114	6577.75946666667
3.026945	6563.23826666667
3.029775	6553.84953333333
3.032605	6549.12753333333
3.035433	6535.07693333333
3.03826	6542.2102
3.041086	6536.63646666667
3.043911	6520.1612
3.046735	6549.14593333333
3.049558	6528.6268
3.052379	6509.4928
3.0552	6528.1186
3.058019	6517.67973333333
3.060838	6511.7091
3.063655	6494.39076666667
3.066471	6512.7468
3.069286	6506.7854
3.072099	6511.6329
3.074913	6477.14836666667
3.077724	6477.56186666667
3.080535	6479.35843333333
3.083344	6473.09746666667
3.086153	6455.82263333333
3.08896	6467.88143333333
3.091766	6447.09296666667
3.094571	6429.6909
3.097375	6427.6426
3.100178	6444.36643333333
3.102979	6416.39316666667
3.10578	6472.94173333333
3.10858	6436.0514
3.111378	6408.66086666667
3.114175	6386.21096666667
3.116971	6386.47926666667
3.119766	6378.9654
3.122561	6344.15556666667
