0.05872121	15483.1626666667
0.06217522	15490.3543
0.06562919	15303.8391666667
0.06908314	15168.5094666667
0.07253705	15015.4804333333
0.07599092	14824.3355
0.07944476	14687.6193333333
0.08289856	14534.6741
0.08635231	14358.3748333333
0.08980602	14170.5741333333
0.09325969	13982.9514666667
0.09671331	13799.6003
0.1001669	13632.6454666667
0.1036204	13454.5907
0.1070739	13296.03
0.1105273	13139.9172666667
0.1139807	12950.9595666667
0.117434	12822.3212666667
0.1208872	12631.3384333333
0.1243404	12475.1438333333
0.1277936	12296.2017333333
0.1312466	12136.1248
0.1346996	11983.8116666667
0.1381525	11805.9519666667
0.1416054	11654.5879
0.1450582	11495.3990333333
0.1485109	11345.5953333333
0.1519636	11202.7224
0.1554161	11060.0115666667
0.1588686	10932.6133333333
0.162321	10790.0701
0.1657734	10668.0661333333
0.1692256	10530.602
0.1726778	10394.2614333333
0.1761299	10247.3495
0.1795819	10115.2849333333
0.1830338	10010.3414666667
0.1864856	9885.26826666667
0.1899373	9756.45673333333
0.1933889	9645.88216666667
0.1968405	9526.1469
0.2002919	9421.59716666667
0.2037432	9311.43676666667
0.2071945	9192.45566666667
0.2106456	9111.8079
0.2140967	9005.5151
0.2175476	8899.30886666667
0.2209984	8803.58513333333
0.2244491	8726.18563333333
0.2278997	8628.6967
0.2313501	8547.45243333333
0.2348005	8457.01323333333
0.2382507	8360.68763333333
0.2417009	8281.02866666667
0.2451509	8178.2243
0.2486008	8127.98113333333
0.2520505	8038.1091
0.2555002	7962.19276666667
0.2589497	7889.34816666667
0.2623991	7815.8652
0.2658483	7749.13576666667
0.2692975	7674.60813333333
0.2727464	7614.4253
0.2761953	7545.06016666667
0.279644	7479.59003333333
0.2830926	7424.59363333333
0.286541	7345.47356666667
0.2899893	7274.89683333333
0.2934375	7230.6639
0.2968855	7179.94396666667
0.3003333	7115.84646666667
0.303781	7075.45996666667
0.3072286	7026.43373333333
0.310676	6970.04043333333
0.3141232	6922.16393333333
0.3175703	6854.64516666667
0.3210173	6813.3952
0.3244641	6767.82666666667
0.3279107	6719.92033333333
0.3313572	6670.9438
0.3348034	6633.05253333333
0.3382496	6601.357
0.3416955	6555.4341
0.3451413	6518.0634
0.3485869	6482.60623333333
0.3520324	6435.1001
0.3554777	6403.363
0.3589227	6357.27966666667
0.3623677	6316.5848
0.3658124	6285.2072
0.369257	6241.2578
0.3727013	6216.59646666667
0.3761455	6183.30026666667
0.3795895	6157.32253333333
0.3830333	6124.33493333333
0.3864769	6091.67133333333
0.3899204	6068.6853
0.3933636	6034.38016666667
0.3968067	6007.65133333333
0.4002496	5976.04726666667
0.4036922	5948.90776666667
0.4071347	5927.3676
0.4105769	5898.09363333333
0.414019	5871.6993
0.4174608	5847.23256666667
0.4209024	5825.28393333333
0.4243439	5807.42973333333
0.4277851	5785.44466666667
0.4312261	5754.80813333333
0.4346669	5740.6957
0.4381075	5714.9416
0.4415478	5683.29983333333
0.444988	5667.09616666667
0.4484279	5657.22503333333
0.4518676	5628.23486666667
0.4553071	5610.59776666667
0.4587464	5596.35766666667
0.4621854	5572.87726666667
0.4656242	5553.27473333333
0.4690627	5536.04893333333
0.4725011	5522.81203333333
0.4759392	5506.62356666667
0.4793771	5485.29646666667
0.4828147	5473.68313333333
0.4862521	5461.11706666667
0.4896893	5441.898
0.4931262	5426.62803333333
0.4965629	5413.5113
0.4999993	5397.8335
0.5034355	5385.1811
0.5068714	5369.28243333333
0.5103071	5354.28943333333
0.5137425	5343.87963333333
0.5171777	5334.8085
0.5206126	5319.32683333333
0.5240473	5312.20736666667
0.5274817	5293.38753333333
0.5309159	5282.39366666667
0.5343498	5271.10443333333
0.5377834	5261.1824
0.5412167	5257.79133333333
0.5446498	5246.01563333333
0.5480827	5235.8756
0.5515152	5215.18116666667
0.5549475	5213.69756666667
0.5583795	5198.97096666667
0.5618113	5188.9812
0.5652427	5186.1104
0.5686739	5177.03413333333
0.5721048	5166.5636
0.5755354	5162.01853333333
0.5789658	5144.90796666667
0.5823958	5142.92186666667
0.5858256	5135.79073333333
0.589255	5121.72333333333
0.5926843	5120.2688
0.5961131	5113.17133333333
0.5995418	5103.17496666667
0.6029701	5096.7257
0.6063981	5088.33493333333
0.6098258	5088.38026666667
0.6132532	5080.41956666667
0.6166803	5070.0488
0.6201072	5067.05756666667
0.6235337	5066.7569
0.6269599	5057.38836666667
0.6303858	5053.56093333333
0.6338114	5046.5672
0.6372366	5040.8455
0.6406616	5040.57476666667
0.6440862	5029.68236666667
0.6475106	5028.94966666667
0.6509345	5016.45936666667
0.6543582	5015.91693333333
0.6577817	5006.97673333333
0.6612047	5011.0992
0.6646275	4999.3855
0.6680498	4999.75846666667
0.6714719	4989.58283333333
0.6748936	4987.73886666667
0.6783151	4988.81716666667
0.6817361	4974.87203333333
0.6851569	4979.6416
0.6885773	4974.69243333333
0.6919974	4969.20016666667
0.6954171	4974.48566666667
0.6988365	4968.97873333333
0.7022555	4963.36296666667
0.7056743	4960.08223333333
0.7090927	4956.46553333333
0.7125106	4960.93816666667
0.7159283	4947.0102
0.7193456	4946.71043333333
0.7227626	4950.0082
0.7261792	4944.0337
0.7295955	4945.67896666667
0.7330114	4942.55696666667
0.736427	4935.48343333333
0.7398421	4933.5253
0.743257	4933.28256666667
0.7466714	4929.65883333333
0.7500855	4924.8658
0.7534993	4929.5701
0.7569126	4930.9294
0.7603257	4920.9148
0.7637383	4929.04593333333
0.7671505	4918.4791
0.7705624	4924.0917
0.7739739	4910.0444
0.7773851	4914.96516666667
0.7807958	4907.8594
0.7842062	4912.23836666667
0.7876161	4908.45143333333
0.7910257	4911.21593333333
0.794435	4903.70256666667
0.7978438	4901.47703333333
0.8012522	4897.8721
0.8046603	4891.84703333333
0.8080679	4895.33186666667
0.8114753	4885.6334
0.814882	4891.3633
0.8182886	4887.98173333333
0.8216946	4881.3747
0.8251004	4878.51536666667
0.8285056	4884.4995
0.8319104	4876.6706
0.8353149	4884.70216666667
0.838719	4874.90246666667
0.8421227	4875.35173333333
0.8455259	4872.0407
0.8489287	4866.83756666667
0.8523312	4869.4571
0.8557332	4866.54366666667
0.8591347	4870.6266
0.8625359	4866.18676666667
0.8659367	4867.2946
0.8693371	4862.2664
0.8727369	4861.71996666667
0.8761364	4861.0961
0.8795356	4860.90896666667
0.8829342	4863.0396
0.8863324	4862.82226666667
0.8897301	4859.08486666667
0.8931275	4852.7641
0.8965244	4848.92743333333
0.8999209	4854.85683333333
0.903317	4849.60183333333
0.9067126	4848.6078
0.9101078	4843.9841
0.9135025	4850.0633
0.9168968	4847.4043
0.9202906	4845.94816666667
0.9236841	4842.3404
0.9270771	4851.7016
0.9304696	4852.0757
0.9338616	4847.99963333333
0.9372532	4848.01503333333
0.9406444	4843.89946666667
0.9440351	4854.22516666667
0.9474253	4852.24083333333
0.9508151	4847.93096666667
0.9542044	4847.22293333333
0.9575934	4851.86886666667
0.9609817	4851.7377
0.9643697	4852.08056666667
0.9677572	4856.1371
0.9711442	4857.56043333333
0.9745308	4858.38436666667
0.9779168	4861.67126666667
0.9813024	4863.4897
0.9846876	4872.90956666667
0.9880723	4866.23243333333
0.9914563	4866.67606666667
0.9948401	4871.21166666667
0.9982234	4868.40503333333
1.001606	4865.61806666667
1.004988	4871.50213333333
1.00837	4875.4337
1.011751	4876.71703333333
1.015132	4876.34306666667
1.018513	4879.2273
1.021892	4880.59986666667
1.025272	4882.1841
1.028651	4885.45766666667
1.032029	4885.3369
1.035407	4887.6439
1.038784	4892.0854
1.042161	4893.36973333333
1.045537	4897.85876666667
1.048913	4898.7948
1.052289	4898.24353333333
1.055664	4905.90793333333
1.059038	4903.5456
1.062412	4906.02223333333
1.065785	4913.75136666667
1.069158	4913.05283333333
1.07253	4920.57103333333
1.075902	4923.7172
1.079273	4920.77793333333
1.082644	4917.69226666667
1.086014	4928.12723333333
1.089384	4931.01963333333
1.092753	4937.2983
1.096122	4939.3327
1.09949	4942.68263333333
1.102858	4944.53373333333
1.106225	4947.60976666667
1.109591	4949.26663333333
1.112957	4956.43656666667
1.116323	4957.34353333333
1.119688	4960.50903333333
1.123052	4962.08953333333
1.126416	4969.0505
1.12978	4974.217
1.133143	4975.53136666667
1.136505	4982.5245
1.139867	4983.24856666667
1.143228	4987.6957
1.146589	4994.08503333333
1.149949	5000.07336666667
1.153308	5002.5785
1.156667	5010.50773333333
1.160026	5008.50873333333
1.163384	5018.81306666667
1.166741	5022.91566666667
1.170098	5026.54756666667
1.173454	5031.32316666667
1.17681	5033.1878
1.180165	5038.0794
1.18352	5042.8847
1.186874	5052.00606666667
1.190227	5051.68213333333
1.19358	5054.50926666667
1.196932	5057.99826666667
1.200284	5061.72466666667
1.203635	5063.52053333333
1.206986	5076.46263333333
1.210336	5077.7901
1.213686	5084.69483333333
1.217035	5087.88306666667
1.220383	5092.92633333333
1.223731	5095.8526
1.227078	5109.29156666667
1.230424	5109.13256666667
1.23377	5113.04333333333
1.237116	5118.7379
1.240461	5119.87503333333
1.243805	5134.3969
1.247149	5129.69916666667
1.250492	5145.43766666667
1.253834	5148.59486666667
1.257176	5152.03536666667
1.260517	5156.6853
1.263858	5157.8255
1.267198	5169.5911
1.270538	5173.5358
1.273877	5177.75796666667
1.277215	5186.85176666667
1.280553	5191.43593333333
1.28389	5201.0837
1.287226	5203.20903333333
1.290562	5211.00406666667
1.293898	5212.12433333333
1.297232	5221.6852
1.300567	5229.99666666667
1.3039	5234.1872
1.307233	5241.96256666667
1.310565	5244.92486666667
1.313897	5253.26406666667
1.317228	5257.80033333333
1.320558	5261.46553333333
1.323888	5274.5901
1.327217	5282.73913333333
1.330546	5286.99776666667
1.333874	5292.415
1.337201	5298.61056666667
1.340527	5309.42693333333
1.343854	5314.5992
1.347179	5320.75303333333
1.350504	5331.7273
1.353828	5333.236
1.357151	5344.19983333333
1.360474	5354.1491
1.363796	5359.64553333333
1.367118	5368.7837
1.370439	5378.4901
1.373759	5376.9714
1.377079	5384.6573
1.380398	5391.53866666667
1.383716	5401.04083333333
1.387034	5404.33673333333
1.390351	5412.54743333333
1.393668	5417.14816666667
1.396983	5433.6948
1.400299	5426.426
1.403613	5440.74423333333
1.406927	5451.53713333333
1.41024	5460.98203333333
1.413553	5469.45263333333
1.416865	5480.1766
1.420176	5486.27286666667
1.423486	5492.2491
1.426796	5502.618
1.430105	5506.4343
1.433414	5509.52923333333
1.436722	5524.8224
1.440029	5536.81666666667
1.443336	5545.4234
1.446642	5549.64986666667
1.449947	5555.3725
1.453251	5564.8303
1.456555	5575.25143333333
1.459858	5583.0251
1.463161	5593.1885
1.466463	5601.5009
1.469764	5602.3209
1.473065	5609.08206666667
1.476364	5615.68033333333
1.479663	5628.48786666667
1.482962	5630.09776666667
1.48626	5638.18266666667
1.489557	5646.0062
1.492853	5659.62603333333
1.496149	5661.83533333333
1.499444	5671.53263333333
1.502738	5678.39156666667
1.506032	5689.5859
1.509325	5691.0538
1.512617	5703.30813333333
1.515908	5712.15116666667
1.519199	5725.99033333333
1.522489	5732.35696666667
1.525779	5741.21476666667
1.529067	5751.78576666667
1.532355	5766.26516666667
1.535643	5771.22836666667
1.538929	5780.55803333333
1.542215	5794.98706666667
1.5455	5801.9458
1.548785	5816.80156666667
1.552069	5823.51806666667
1.555352	5834.02376666667
1.558634	5843.47046666667
1.561916	5858.7227
1.565197	5863.69703333333
1.568477	5880.74323333333
1.571756	5893.03973333333
1.575035	5902.6569
1.578313	5910.22263333333
1.58159	5915.7425
1.584867	5940.25953333333
1.588143	5956.1644
1.591418	5958.70736666667
1.594693	5975.72543333333
1.597966	5979.00813333333
1.601239	5993.60073333333
1.604511	6004.25253333333
1.607783	6013.02726666667
1.611054	6034.24516666667
1.614324	6042.1536
1.617593	6053.54316666667
1.620862	6062.7247
1.624129	6069.34016666667
1.627396	6081.80133333333
1.630663	6100.1348
1.633928	6114.9017
1.637193	6125.33523333333
1.640457	6142.53173333333
1.643721	6153.5806
1.646983	6163.72003333333
1.650245	6179.15366666667
1.653506	6189.9493
1.656767	6209.15186666667
1.660026	6219.1945
1.663285	6226.9871
1.666543	6244.3706
1.669801	6253.18196666667
1.673057	6269.37453333333
1.676313	6280.8858
1.679568	6291.7481
1.682822	6318.82833333333
1.686076	6320.02916666667
1.689329	6335.069
1.692581	6346.0086
1.695832	6366.7385
1.699083	6377.7632
1.702332	6390.31506666667
1.705581	6399.47456666667
1.70883	6408.07963333333
1.712077	6431.19553333333
1.715324	6440.4002
1.718569	6458.11523333333
1.721815	6472.05853333333
1.725059	6479.09156666667
1.728303	6497.5166
1.731545	6512.36883333333
1.734787	6526.70536666667
1.738029	6543.13463333333
1.741269	6552.96503333333
1.744509	6565.01116666667
1.747747	6571.13423333333
1.750986	6595.52366666667
1.754223	6604.84893333333
1.757459	6621.5963
1.760695	6627.3161
1.76393	6639.1522
1.767164	6658.3719
1.770398	6672.81603333333
1.77363	6683.5358
1.776862	6699.27953333333
1.780093	6708.36086666667
1.783323	6728.41966666667
1.786552	6734.99313333333
1.789781	6746.5412
1.793009	6765.05056666667
1.796236	6776.25906666667
1.799462	6793.90546666667
1.802687	6803.1928
1.805912	6818.5285
1.809136	6820.82216666667
1.812358	6843.92733333333
1.815581	6856.62186666667
1.818802	6866.92616666667
1.822023	6879.1309
1.825242	6884.11973333333
1.828461	6895.1082
1.831679	6906.185
1.834896	6911.6354
1.838113	6922.73956666667
1.841329	6936.1353
1.844543	6934.20816666667
1.847758	6951.74496666667
1.850971	6962.75693333333
1.854183	6969.4399
1.857395	6973.7848
1.860605	6988.5004
1.863815	6997.26996666667
1.867024	7001.14366666667
1.870233	7007.27526666667
1.87344	7016.06063333333
1.876647	7027.1544
1.879852	7030.66973333333
1.883057	7036.4162
1.886261	7042.60883333333
1.889465	7046.36163333333
1.892667	7053.06263333333
1.895869	7065.26446666667
1.89907	7088.4507
1.902269	7088.5126
1.905469	7110.22436666667
1.908667	7125.32963333333
1.911864	7131.30996666667
1.915061	7144.14883333333
1.918256	7146.55046666667
1.921451	7161.77543333333
1.924645	7168.49826666667
1.927839	7176.41666666667
1.931031	7186.38353333333
1.934222	7191.4973
1.937413	7200.20196666667
1.940603	7208.8449
1.943792	7214.99993333333
1.94698	7212.43473333333
1.950167	7217.27096666667
1.953354	7236.61366666667
1.956539	7236.9975
1.959724	7243.02166666667
1.962908	7247.74703333333
1.966091	7250.718
1.969273	7262.97476666667
1.972454	7260.49343333333
1.975634	7266.90016666667
1.978814	7263.91746666667
1.981993	7275.1315
1.98517	7266.67466666667
1.988347	7270.57476666667
1.991523	7279.88733333333
1.994699	7284.09216666667
1.997873	7279.05856666667
2.001046	7294.99333333333
2.004219	7289.0245
2.007391	7283.96956666667
2.010562	7291.08476666667
2.013732	7285.99543333333
2.016901	7275.57253333333
2.020069	7277.93936666667
2.023236	7275.86246666667
2.026403	7274.09583333333
2.029568	7267.81473333333
2.032733	7267.31473333333
2.035897	7262.2506
2.03906	7263.85553333333
2.042222	7254.2262
2.045383	7249.09983333333
2.048544	7248.87366666667
2.051703	7243.94133333333
2.054862	7231.8132
2.058019	7234.289
2.061176	7229.27963333333
2.064332	7223.61933333333
2.067487	7217.2425
2.070641	7209.98683333333
2.073794	7203.5946
2.076946	7198.67333333333
2.080098	7191.84163333333
2.083248	7178.23336666667
2.086398	7177.31623333333
2.089547	7168.98786666667
2.092695	7161.65326666667
2.095842	7150.105
2.098988	7146.25363333333
2.102133	7135.9962
2.105277	7130.46856666667
2.10842	7118.52023333333
2.111563	7110.21576666667
2.114704	7107.1934
2.117845	7090.99056666667
2.120985	7088.60263333333
2.124123	7079.28443333333
2.127261	7063.00913333333
2.130399	7051.3762
2.133534	7044.37196666667
2.13667	7028.7186
2.139804	7024.8422
2.142937	7008.41046666667
2.14607	6993.46596666667
2.149201	6988.18413333333
2.152332	6981.39973333333
2.155462	6954.28803333333
2.158591	6951.21976666667
2.161718	6943.21373333333
2.164845	6928.83236666667
2.167971	6923.70383333333
2.171096	6906.97146666667
2.17422	6896.50103333333
2.177344	6887.75696666667
2.180466	6877.12553333333
2.183588	6868.1486
2.186708	6856.26216666667
2.189827	6838.5381
2.192946	6823.3866
2.196064	6824.53706666667
2.199181	6808.26383333333
2.202296	6794.6133
2.205411	6784.39353333333
2.208525	6779.7783
2.211638	6766.05376666667
2.214751	6753.14443333333
2.217862	6741.73393333333
2.220972	6736.74126666667
2.224082	6720.881
2.22719	6707.12276666667
2.230297	6695.48456666667
2.233404	6684.86736666667
2.236509	6670.00186666667
2.239614	6659.67866666667
2.242718	6649.6122
2.24582	6631.52816666667
2.248922	6624.08446666667
2.252023	6611.02876666667
2.255123	6604.82003333333
2.258222	6595.76136666667
2.26132	6584.9324
2.264417	6568.18766666667
2.267513	6553.90173333333
2.270608	6539.11996666667
2.273703	6523.51066666667
2.276796	6516.97586666667
2.279888	6509.48063333333
2.28298	6490.01243333333
2.28607	6483.06706666667
2.28916	6470.28146666667
2.292248	6456.89063333333
2.295336	6444.14983333333
2.298422	6430.43986666667
2.301508	6420.12973333333
2.304593	6404.93886666667
2.307676	6408.28653333333
2.310759	6384.00616666667
2.313841	6380.92583333333
2.316922	6369.75263333333
2.320002	6355.98096666667
2.323081	6344.67983333333
2.326159	6334.1694
2.329236	6317.7235
2.332312	6308.18016666667
2.335387	6304.77006666667
2.338461	6274.6191
2.341534	6279.16696666667
2.344606	6270.80876666667
2.347677	6262.4371
2.350748	6244.9919
2.353817	6234.77253333333
2.356885	6219.06736666667
2.359953	6211.8916
2.363019	6203.36616666667
2.366084	6192.77473333333
2.369149	6179.01816666667
2.372212	6171.17396666667
2.375275	6164.76
2.378336	6149.80103333333
2.381397	6139.17603333333
2.384456	6128.36913333333
2.387515	6123.42163333333
2.390573	6122.45953333333
2.393629	6099.28643333333
2.396685	6090.0439
2.39974	6082.7744
2.402793	6076.00083333333
2.405846	6068.77693333333
2.408897	6055.92823333333
2.411948	6047.24266666667
2.414998	6043.91846666667
2.418046	6032.61903333333
2.421094	6030.26283333333
2.424141	6016.0985
2.427187	6009.40036666667
2.430231	6007.9884
2.433275	5999.82513333333
2.436318	5979.8884
2.43936	5974.19623333333
2.442401	5969.17913333333
2.445441	5946.31303333333
2.448479	5943.5392
2.451517	5926.0088
2.454554	5922.64376666667
2.45759	5920.2345
2.460625	5911.07843333333
2.463659	5902.90966666667
2.466692	5901.32336666667
2.469723	5890.53803333333
2.472754	5885.12553333333
2.475784	5880.78586666667
2.478813	5876.56986666667
2.481841	5861.21146666667
2.484868	5861.05153333333
2.487894	5850.9281
2.490918	5849.92026666667
2.493942	5840.41056666667
2.496965	5832.1096
2.499987	5826.85073333333
2.503008	5824.35543333333
2.506027	5810.85533333333
2.509046	5807.20473333333
2.512064	5798.18186666667
2.515081	5790.45916666667
2.518097	5785.19013333333
2.521111	5785.94363333333
2.524125	5782.2004
2.527138	5763.67186666667
2.53015	5765.79336666667
2.53316	5754.27416666667
2.53617	5753.15963333333
2.539179	5750.48453333333
2.542186	5740.52943333333
2.545193	5735.42783333333
2.548199	5732.19353333333
2.551203	5728.38386666667
2.554207	5722.64263333333
2.55721	5709.82233333333
2.560211	5709.1587
2.563212	5699.86033333333
2.566211	5698.92546666667
2.56921	5690.94183333333
2.572207	5683.32243333333
2.575204	5681.34196666667
2.5782	5680.8234
2.581194	5661.91876666667
2.584187	5668.73113333333
2.58718	5668.95653333333
2.590171	5654.12633333333
2.593161	5647.58693333333
2.596151	5649.04193333333
2.599139	5640.79453333333
2.602126	5641.35296666667
2.605112	5633.54886666667
2.608098	5636.7215
2.611082	5631.0721
2.614065	5620.47986666667
2.617047	5615.4885
2.620028	5610.0678
2.623008	5621.4266
2.625987	5609.9618
2.628965	5606.3254
2.631942	5605.46466666667
2.634918	5593.33113333333
2.637893	5591.61073333333
2.640867	5580.6525
2.64384	5591.44476666667
2.646811	5583.05686666667
2.649782	5574.9067
2.652752	5581.332
2.65572	5571.91896666667
2.658688	5569.14173333333
2.661655	5562.5899
2.66462	5566.31976666667
2.667585	5560.08
2.670548	5557.8235
2.673511	5557.10283333333
2.676472	5551.38143333333
2.679432	5553.32723333333
2.682391	5543.63523333333
2.68535	5541.7934
2.688307	5538.3719
2.691263	5538.2808
2.694218	5539.48323333333
2.697172	5538.3971
2.700125	5531.6159
2.703077	5531.42716666667
2.706028	5520.6877
2.708978	5522.59833333333
2.711927	5525.12716666667
2.714875	5519.746
2.717821	5523.14036666667
2.720767	5515.87163333333
2.723711	5512.0969
2.726655	5510.1581
2.729598	5510.50803333333
2.732539	5500.3611
2.73548	5505.43416666667
2.738419	5507.85623333333
2.741357	5501.9654
2.744294	5506.43856666667
2.747231	5505.9861
2.750166	5500.49116666667
2.7531	5500.66926666667
2.756033	5496.0073
2.758965	5498.75033333333
2.761896	5493.7024
2.764825	5493.1316
2.767754	5489.9089
2.770682	5490.29563333333
2.773608	5488.0645
2.776534	5481.64246666667
2.779459	5475.77563333333
2.782382	5478.16163333333
2.785304	5475.17476666667
2.788226	5462.01576666667
2.791146	5471.6043
2.794065	5469.52093333333
2.796983	5471.3436
2.799901	5468.09273333333
2.802817	5458.17633333333
2.805732	5452.70686666667
2.808645	5448.37296666667
2.811558	5454.66453333333
2.81447	5447.71313333333
2.817381	5456.46963333333
2.82029	5447.28916666667
2.823199	5451.88226666667
2.826106	5444.07736666667
2.829013	5441.37456666667
2.831918	5442.5829
2.834822	5429.2519
2.837726	5437.3229
2.840628	5439.54203333333
2.843529	5432.40703333333
2.846429	5438.49573333333
2.849328	5426.2662
2.852226	5427.8676
2.855122	5420.42013333333
2.858018	5420.06473333333
2.860912	5412.828
2.863806	5421.25833333333
2.866698	5418.35326666667
2.86959	5415.19323333333
2.87248	5412.2185
2.875369	5406.46326666667
2.878257	5408.05873333333
2.881145	5410.09593333333
2.884031	5398.83136666667
2.886915	5394.09696666667
2.889799	5393.00463333333
2.892682	5386.86276666667
2.895564	5386.23486666667
2.898444	5383.3972
2.901324	5377.28483333333
2.904202	5371.258
2.907079	5373.97693333333
2.909956	5382.6409
2.912831	5374.31986666667
2.915705	5370.88313333333
2.918578	5363.97353333333
2.92145	5360.41463333333
2.924321	5343.48313333333
2.927191	5348.8481
2.930059	5346.6549
2.932927	5356.0705
2.935793	5345.13896666667
2.938659	5353.82423333333
2.941523	5345.60326666667
2.944386	5329.95216666667
2.947248	5338.1841
2.950109	5336.36516666667
2.952969	5325.859
2.955828	5323.4267
2.958686	5325.66133333333
2.961543	5316.24896666667
2.964398	5310.24196666667
2.967253	5306.497
2.970106	5312.9994
2.972959	5312.1393
2.97581	5312.8785
2.97866	5313.7107
2.981509	5293.05853333333
2.984357	5290.27736666667
2.987204	5283.09766666667
2.99005	5278.17843333333
2.992894	5278.31663333333
2.995738	5284.1383
2.99858	5281.93246666667
3.001422	5274.60226666667
3.004262	5258.23726666667
3.007101	5258.6786
3.009939	5282.52376666667
3.012776	5251.66176666667
3.015612	5260.95566666667
3.018447	5221.87866666667
3.021281	5233.21063333333
3.024114	5229.66846666667
3.026945	5220.20626666667
3.029775	5229.40053333333
3.032605	5218.53853333333
3.035433	5219.22493333333
3.03826	5202.0522
3.041086	5193.08546666667
3.043911	5193.3352
3.046735	5191.61793333333
3.049558	5182.1638
3.052379	5182.6398
3.0552	5169.1526
3.058019	5155.21473333333
3.060838	5161.3571
3.063655	5151.93676666667
3.066471	5160.1008
3.069286	5145.7504
3.072099	5169.2379
3.074913	5140.79936666667
3.077724	5143.53286666667
3.080535	5109.81643333333
3.083344	5130.39746666667
3.086153	5132.72463333333
3.08896	5102.10543333333
3.091766	5091.38096666667
3.094571	5099.7379
3.097375	5109.1386
3.100178	5115.39643333333
3.102979	5098.91816666667
3.10578	5112.83873333333
3.10858	5098.8554
3.111378	5125.64386666667
3.114175	5090.30596666667
3.116971	5064.77426666667
3.119766	5030.9734
3.122561	5038.44556666667
