0.05872121	7768.27766666667
0.06217522	7726.9443
0.06562919	7710.69216666667
0.06908314	7678.04046666667
0.07253705	7693.26343333333
0.07599092	7662.4945
0.07944476	7646.67433333333
0.08289856	7628.5471
0.08635231	7592.02483333333
0.08980602	7561.06813333333
0.09325969	7529.84346666667
0.09671331	7517.1663
0.1001669	7501.46346666667
0.1036204	7463.7637
0.1070739	7432.035
0.1105273	7422.02926666667
0.1139807	7392.55356666667
0.117434	7363.42726666667
0.1208872	7326.69843333333
0.1243404	7311.03383333333
0.1277936	7272.24473333333
0.1312466	7251.3328
0.1346996	7216.52566666667
0.1381525	7183.53296666667
0.1416054	7154.7629
0.1450582	7107.98003333333
0.1485109	7092.53533333333
0.1519636	7076.7924
0.1554161	7041.37956666667
0.1588686	7006.54333333333
0.162321	6974.3621
0.1657734	6931.28213333333
0.1692256	6916.632
0.1726778	6886.20143333333
0.1761299	6848.9605
0.1795819	6816.00093333333
0.1830338	6791.38246666667
0.1864856	6755.55826666667
0.1899373	6728.64273333333
0.1933889	6693.26616666667
0.1968405	6663.8399
0.2002919	6637.98616666667
0.2037432	6608.64676666667
0.2071945	6577.26266666667
0.2106456	6541.8699
0.2140967	6518.5531
0.2175476	6496.01586666667
0.2209984	6456.94213333333
0.2244491	6438.03663333333
0.2278997	6410.9117
0.2313501	6381.48843333333
0.2348005	6357.71123333333
0.2382507	6324.80563333333
0.2417009	6302.73566666667
0.2451509	6256.9453
0.2486008	6246.41113333333
0.2520505	6216.9681
0.2555002	6195.35476666667
0.2589497	6166.42916666667
0.2623991	6131.0562
0.2658483	6114.86876666667
0.2692975	6077.01813333333
0.2727464	6054.8983
0.2761953	6040.90116666667
0.279644	6008.58403333333
0.2830926	5989.78163333333
0.286541	5961.45756666667
0.2899893	5930.24783333333
0.2934375	5920.4539
0.2968855	5892.93096666667
0.3003333	5873.08946666667
0.303781	5846.91196666667
0.3072286	5828.27173333333
0.310676	5802.62043333333
0.3141232	5794.52093333333
0.3175703	5762.40816666667
0.3210173	5748.3432
0.3244641	5722.05766666667
0.3279107	5701.67733333333
0.3313572	5687.7598
0.3348034	5665.54253333333
0.3382496	5647.301
0.3416955	5625.9471
0.3451413	5606.4484
0.3485869	5587.21023333333
0.3520324	5566.1971
0.3554777	5549.987
0.3589227	5531.66766666667
0.3623677	5520.4448
0.3658124	5493.7442
0.369257	5479.7068
0.3727013	5464.75746666667
0.3761455	5443.42826666667
0.3795895	5429.36253333333
0.3830333	5420.26093333333
0.3864769	5407.61633333333
0.3899204	5379.8963
0.3933636	5375.59116666667
0.3968067	5352.42833333333
0.4002496	5348.55126666667
0.4036922	5329.81676666667
0.4071347	5317.4406
0.4105769	5305.30363333333
0.414019	5291.3463
0.4174608	5277.88256666667
0.4209024	5262.76693333333
0.4243439	5251.51573333333
0.4277851	5243.51866666667
0.4312261	5235.67813333333
0.4346669	5219.0177
0.4381075	5201.2416
0.4415478	5192.59083333333
0.444988	5186.30316666667
0.4484279	5163.03703333333
0.4518676	5158.65386666667
0.4553071	5144.04976666667
0.4587464	5128.58666666667
0.4621854	5113.97726666667
0.4656242	5105.63673333333
0.4690627	5099.37693333333
0.4725011	5090.50403333333
0.4759392	5081.09856666667
0.4793771	5070.06146666667
0.4828147	5060.68513333333
0.4862521	5051.29806666667
0.4896893	5045.981
0.4931262	5031.12403333333
0.4965629	5020.6603
0.4999993	5017.9555
0.5034355	5009.6571
0.5068714	4991.54043333333
0.5103071	4986.23043333333
0.5137425	4978.50163333333
0.5171777	4972.9005
0.5206126	4966.86683333333
0.5240473	4958.87336666667
0.5274817	4941.70353333333
0.5309159	4941.80866666667
0.5343498	4933.18443333333
0.5377834	4923.5504
0.5412167	4918.60233333333
0.5446498	4915.74463333333
0.5480827	4900.5906
0.5515152	4903.01216666667
0.5549475	4898.16056666667
0.5583795	4888.83896666667
0.5618113	4888.4252
0.5652427	4873.4114
0.5686739	4864.10413333333
0.5721048	4863.4856
0.5755354	4862.91153333333
0.5789658	4855.66396666667
0.5823958	4850.00486666667
0.5858256	4843.77573333333
0.589255	4840.84733333333
0.5926843	4834.5418
0.5961131	4830.22733333333
0.5995418	4822.62696666667
0.6029701	4817.7867
0.6063981	4818.35293333333
0.6098258	4817.34126666667
0.6132532	4807.23256666667
0.6166803	4803.3098
0.6201072	4793.62956666667
0.6235337	4792.2669
0.6269599	4787.54136666667
0.6303858	4782.66993333333
0.6338114	4783.3092
0.6372366	4775.1195
0.6406616	4775.91476666667
0.6440862	4772.93836666667
0.6475106	4762.50666666667
0.6509345	4760.45036666667
0.6543582	4761.24993333333
0.6577817	4755.36773333333
0.6612047	4749.7122
0.6646275	4741.6885
0.6680498	4748.57846666667
0.6714719	4744.10283333333
0.6748936	4741.95286666667
0.6783151	4738.01616666667
0.6817361	4733.64003333333
0.6851569	4726.2056
0.6885773	4725.77043333333
0.6919974	4721.92716666667
0.6954171	4723.07566666667
0.6988365	4721.34973333333
0.7022555	4712.76296666667
0.7056743	4715.21823333333
0.7090927	4714.78653333333
0.7125106	4712.70416666667
0.7159283	4711.6152
0.7193456	4706.57643333333
0.7227626	4701.9562
0.7261792	4702.3477
0.7295955	4704.00396666667
0.7330114	4699.39096666667
0.736427	4692.09843333333
0.7398421	4694.4653
0.743257	4688.72956666667
0.7466714	4692.76383333333
0.7500855	4689.3978
0.7534993	4689.5541
0.7569126	4689.8234
0.7603257	4688.2438
0.7637383	4679.31293333333
0.7671505	4687.5541
0.7705624	4677.7477
0.7739739	4682.4484
0.7773851	4681.70816666667
0.7807958	4677.8064
0.7842062	4672.89236666667
0.7876161	4675.46043333333
0.7910257	4671.97393333333
0.794435	4669.83756666667
0.7978438	4662.79203333333
0.8012522	4666.2731
0.8046603	4654.33703333333
0.8080679	4664.11186666667
0.8114753	4652.2344
0.814882	4650.3693
0.8182886	4646.42473333333
0.8216946	4645.1147
0.8251004	4646.86336666667
0.8285056	4650.4885
0.8319104	4642.8346
0.8353149	4642.97616666667
0.838719	4640.59846666667
0.8421227	4636.29473333333
0.8455259	4640.2707
0.8489287	4633.68356666667
0.8523312	4634.9521
0.8557332	4624.57866666667
0.8591347	4629.0036
0.8625359	4632.41076666667
0.8659367	4625.9576
0.8693371	4628.0144
0.8727369	4628.13396666667
0.8761364	4622.6241
0.8795356	4619.05496666667
0.8829342	4618.1066
0.8863324	4616.85426666667
0.8897301	4622.17486666667
0.8931275	4616.6931
0.8965244	4611.92743333333
0.8999209	4614.70983333333
0.903317	4613.22683333333
0.9067126	4606.9438
0.9101078	4607.8391
0.9135025	4598.0213
0.9168968	4600.9263
0.9202906	4602.80316666667
0.9236841	4598.6644
0.9270771	4602.3826
0.9304696	4606.6477
0.9338616	4605.06963333333
0.9372532	4604.37803333333
0.9406444	4600.40346666667
0.9440351	4600.17416666667
0.9474253	4602.97283333333
0.9508151	4604.40596666667
0.9542044	4603.79593333333
0.9575934	4605.88586666667
0.9609817	4608.3137
0.9643697	4607.70156666667
0.9677572	4611.1061
0.9711442	4606.83043333333
0.9745308	4603.96136666667
0.9779168	4609.59426666667
0.9813024	4608.8407
0.9846876	4614.11456666667
0.9880723	4618.65843333333
0.9914563	4611.41906666667
0.9948401	4615.37766666667
0.9982234	4616.80803333333
1.001606	4617.55606666667
1.004988	4618.97213333333
1.00837	4620.5657
1.011751	4621.11103333333
1.015132	4624.20906666667
1.018513	4622.5383
1.021892	4627.12686666667
1.025272	4622.5271
1.028651	4627.60166666667
1.032029	4626.9569
1.035407	4631.3589
1.038784	4637.2634
1.042161	4636.96473333333
1.045537	4638.25376666667
1.048913	4636.5878
1.052289	4643.02653333333
1.055664	4641.98493333333
1.059038	4647.7036
1.062412	4646.98423333333
1.065785	4645.89836666667
1.069158	4651.03983333333
1.07253	4657.97303333333
1.075902	4659.5832
1.079273	4652.59893333333
1.082644	4653.46126666667
1.086014	4658.84323333333
1.089384	4662.92063333333
1.092753	4666.8803
1.096122	4670.3117
1.09949	4668.38063333333
1.102858	4673.40173333333
1.106225	4674.79476666667
1.109591	4681.78363333333
1.112957	4680.45156666667
1.116323	4686.92853333333
1.119688	4692.95003333333
1.123052	4693.34153333333
1.126416	4696.4975
1.12978	4701.469
1.133143	4700.57336666667
1.136505	4706.2955
1.139867	4705.35556666667
1.143228	4708.8317
1.146589	4714.17103333333
1.149949	4716.58736666667
1.153308	4720.6495
1.156667	4725.98373333333
1.160026	4726.34273333333
1.163384	4729.86506666667
1.166741	4738.80166666667
1.170098	4738.17556666667
1.173454	4742.37916666667
1.17681	4749.0648
1.180165	4746.1204
1.18352	4755.7237
1.186874	4764.08006666667
1.190227	4763.65713333333
1.19358	4767.85226666667
1.196932	4773.32326666667
1.200284	4774.93466666667
1.203635	4776.10253333333
1.206986	4781.81063333333
1.210336	4788.3601
1.213686	4792.24883333333
1.217035	4794.18306666667
1.220383	4799.71833333333
1.223731	4804.0096
1.227078	4807.50156666667
1.230424	4811.33056666667
1.23377	4813.67033333333
1.237116	4817.7779
1.240461	4823.98703333333
1.243805	4827.3859
1.247149	4830.33516666667
1.250492	4839.46566666667
1.253834	4842.46786666667
1.257176	4845.97736666667
1.260517	4853.9473
1.263858	4861.0355
1.267198	4864.2421
1.270538	4867.5178
1.273877	4869.33496666667
1.277215	4879.98276666667
1.280553	4883.26493333333
1.28389	4886.3907
1.287226	4892.87303333333
1.290562	4899.96306666667
1.293898	4897.68033333333
1.297232	4908.0292
1.300567	4911.69766666667
1.3039	4919.6382
1.307233	4922.39156666667
1.310565	4927.30586666667
1.313897	4931.57106666667
1.317228	4939.36833333333
1.320558	4942.78353333333
1.323888	4950.8231
1.327217	4958.07113333333
1.330546	4960.42876666667
1.333874	4965.246
1.337201	4969.84756666667
1.340527	4976.01393333333
1.343854	4983.1352
1.347179	4989.39303333333
1.350504	4997.2193
1.353828	5005.022
1.357151	5017.42583333333
1.360474	5015.6981
1.363796	5025.80853333333
1.367118	5034.8227
1.370439	5030.9441
1.373759	5036.8014
1.377079	5038.5733
1.380398	5045.70066666667
1.383716	5053.55383333333
1.387034	5060.57973333333
1.390351	5066.27043333333
1.393668	5069.06716666667
1.396983	5074.5468
1.400299	5080.976
1.403613	5093.90923333333
1.406927	5105.99013333333
1.41024	5112.22803333333
1.413553	5123.37363333333
1.416865	5127.9376
1.420176	5138.75986666667
1.423486	5138.1111
1.426796	5151.529
1.430105	5161.6043
1.433414	5171.26723333333
1.436722	5176.7024
1.440029	5180.30066666667
1.443336	5189.6774
1.446642	5200.78986666667
1.449947	5207.5315
1.453251	5208.7463
1.456555	5222.27843333333
1.459858	5225.1251
1.463161	5231.9215
1.466463	5244.1439
1.469764	5249.0239
1.473065	5247.76806666667
1.476364	5254.61533333333
1.479663	5259.40986666667
1.482962	5263.45576666667
1.48626	5272.98266666667
1.489557	5276.7462
1.492853	5285.59803333333
1.496149	5293.17533333333
1.499444	5303.71663333333
1.502738	5311.46456666667
1.506032	5317.1529
1.509325	5320.6078
1.512617	5326.61113333333
1.515908	5340.23316666667
1.519199	5339.68733333333
1.522489	5353.44396666667
1.525779	5359.42376666667
1.529067	5369.78476666667
1.532355	5374.02716666667
1.535643	5383.38736666667
1.538929	5399.27603333333
1.542215	5406.26206666667
1.5455	5411.0618
1.548785	5426.19956666667
1.552069	5434.07306666667
1.555352	5439.01876666667
1.558634	5449.73146666667
1.561916	5457.7187
1.565197	5467.95303333333
1.568477	5476.20723333333
1.571756	5478.96273333333
1.575035	5498.1949
1.578313	5507.30763333333
1.58159	5512.9045
1.584867	5520.17253333333
1.588143	5536.3274
1.591418	5539.09536666667
1.594693	5553.73143333333
1.597966	5556.07913333333
1.601239	5576.80073333333
1.604511	5577.87953333333
1.607783	5589.66826666667
1.611054	5599.75716666667
1.614324	5601.1966
1.617593	5613.89416666667
1.620862	5630.3707
1.624129	5641.74116666667
1.627396	5647.62833333333
1.630663	5664.2828
1.633928	5671.2587
1.637193	5677.24423333333
1.640457	5690.71373333333
1.643721	5710.9746
1.646983	5710.62303333333
1.650245	5721.05766666667
1.653506	5738.8633
1.656767	5752.80586666667
1.660026	5761.1335
1.663285	5769.6131
1.666543	5776.7896
1.669801	5796.56696666667
1.673057	5804.90853333333
1.676313	5813.7998
1.679568	5819.6441
1.682822	5836.46933333333
1.686076	5850.79116666667
1.689329	5860.403
1.692581	5873.0366
1.695832	5882.3165
1.699083	5896.2342
1.702332	5910.55506666667
1.705581	5919.69956666667
1.70883	5926.83463333333
1.712077	5941.14153333333
1.715324	5955.1432
1.718569	5965.82923333333
1.721815	5978.96653333333
1.725059	5990.16756666667
1.728303	6005.2606
1.731545	6018.09683333333
1.734787	6027.97236666667
1.738029	6038.73163333333
1.741269	6053.37503333333
1.744509	6068.07516666667
1.747747	6075.80223333333
1.750986	6089.88066666667
1.754223	6103.21293333333
1.757459	6120.0213
1.760695	6125.7231
1.76393	6138.1002
1.767164	6153.6819
1.770398	6165.27803333333
1.77363	6174.6218
1.776862	6189.16453333333
1.780093	6202.62686666667
1.783323	6214.89966666667
1.786552	6219.57513333333
1.789781	6239.3962
1.793009	6248.19056666667
1.796236	6263.07906666667
1.799462	6277.09046666667
1.802687	6295.2258
1.805912	6303.4805
1.809136	6312.50016666667
1.812358	6325.68833333333
1.815581	6339.57086666667
1.818802	6353.59616666667
1.822023	6361.3889
1.825242	6370.71773333333
1.828461	6380.9572
1.831679	6394.812
1.834896	6403.8614
1.838113	6419.22756666667
1.841329	6436.8363
1.844543	6438.70416666667
1.847758	6453.22596666667
1.850971	6471.23293333333
1.854183	6475.3499
1.857395	6482.2758
1.860605	6495.4534
1.863815	6515.72996666667
1.867024	6523.97566666667
1.870233	6523.57826666667
1.87344	6545.31063333333
1.876647	6547.5264
1.879852	6565.54773333333
1.883057	6574.2722
1.886261	6581.63483333333
1.889465	6591.03963333333
1.892667	6604.32863333333
1.895869	6616.28146666667
1.89907	6619.2277
1.902269	6628.3946
1.905469	6645.14636666667
1.908667	6652.10163333333
1.911864	6658.86996666667
1.915061	6667.51183333333
1.918256	6678.40246666667
1.921451	6689.92043333333
1.924645	6700.92126666667
1.927839	6711.07066666667
1.931031	6717.99653333333
1.934222	6722.4663
1.937413	6730.04996666667
1.940603	6739.2139
1.943792	6741.03693333333
1.94698	6753.05973333333
1.950167	6759.36896666667
1.953354	6767.09866666667
1.956539	6774.9265
1.959724	6779.45366666667
1.962908	6783.22703333333
1.966091	6787.603
1.969273	6793.52176666667
1.972454	6798.69743333333
1.975634	6808.61116666667
1.978814	6808.51346666667
1.981993	6812.3155
1.98517	6815.95766666667
1.988347	6820.74576666667
1.991523	6821.16633333333
1.994699	6826.36716666667
1.997873	6831.60856666667
2.001046	6835.30533333333
2.004219	6834.6175
2.007391	6838.50056666667
2.010562	6842.29076666667
2.013732	6838.74543333333
2.016901	6842.59553333333
2.020069	6847.54436666667
2.023236	6847.85846666667
2.026403	6842.39583333333
2.029568	6835.52073333333
2.032733	6843.99173333333
2.035897	6839.5276
2.03906	6840.97353333333
2.042222	6842.4912
2.045383	6842.22583333333
2.048544	6844.16466666667
2.051703	6834.86933333333
2.054862	6832.6172
2.058019	6836.611
2.061176	6829.85963333333
2.064332	6829.07333333333
2.067487	6832.2115
2.070641	6820.27483333333
2.073794	6815.5236
2.076946	6811.20633333333
2.080098	6818.95563333333
2.083248	6810.80536666667
2.086398	6799.71623333333
2.089547	6799.33686666667
2.092695	6795.66926666667
2.095842	6793.356
2.098988	6787.89463333333
2.102133	6781.4092
2.105277	6781.60256666667
2.10842	6774.36023333333
2.111563	6766.60376666667
2.114704	6754.3814
2.117845	6750.12956666667
2.120985	6741.29563333333
2.124123	6737.48943333333
2.127261	6732.10013333333
2.130399	6719.6432
2.133534	6718.08796666667
2.13667	6712.5356
2.139804	6699.6352
2.142937	6693.56446666667
2.14607	6688.65396666667
2.149201	6682.12913333333
2.152332	6671.74473333333
2.155462	6652.35803333333
2.158591	6631.76476666667
2.161718	6634.42873333333
2.164845	6624.53936666667
2.167971	6606.85583333333
2.171096	6603.09046666667
2.17422	6598.55003333333
2.177344	6593.88796666667
2.180466	6571.64953333333
2.183588	6575.1166
2.186708	6556.93616666667
2.189827	6546.7841
2.192946	6537.0976
2.196064	6526.85606666667
2.199181	6517.26083333333
2.202296	6506.0173
2.205411	6495.83753333333
2.208525	6484.7403
2.211638	6467.17776666667
2.214751	6460.97743333333
2.217862	6459.67893333333
2.220972	6442.10026666667
2.224082	6428.228
2.22719	6418.81376666667
2.230297	6413.07756666667
2.233404	6396.80336666667
2.236509	6388.82186666667
2.239614	6378.97066666667
2.242718	6369.6232
2.24582	6350.75916666667
2.248922	6350.53546666667
2.252023	6333.25176666667
2.255123	6329.34103333333
2.258222	6311.10636666667
2.26132	6303.4664
2.264417	6288.53766666667
2.267513	6272.69573333333
2.270608	6269.93096666667
2.273703	6254.58466666667
2.276796	6247.89886666667
2.279888	6234.50363333333
2.28298	6229.37743333333
2.28607	6216.30706666667
2.28916	6207.30246666667
2.292248	6197.07663333333
2.295336	6180.16983333333
2.298422	6169.39986666667
2.301508	6151.67073333333
2.304593	6149.23586666667
2.307676	6141.43753333333
2.310759	6125.89316666667
2.313841	6119.88883333333
2.316922	6111.25563333333
2.320002	6100.08196666667
2.323081	6088.49183333333
2.326159	6073.0894
2.329236	6064.8115
2.332312	6056.26316666667
2.335387	6039.47506666667
2.338461	6023.2101
2.341534	6018.65596666667
2.344606	6007.99976666667
2.347677	6006.8041
2.350748	5990.7839
2.353817	5983.54153333333
2.356885	5970.40336666667
2.359953	5958.3446
2.363019	5961.69916666667
2.366084	5944.65573333333
2.369149	5932.27116666667
2.372212	5929.54696666667
2.375275	5917.585
2.378336	5900.21203333333
2.381397	5901.16603333333
2.384456	5893.20013333333
2.387515	5885.82763333333
2.390573	5874.84753333333
2.393629	5858.57043333333
2.396685	5856.0959
2.39974	5844.8444
2.402793	5839.80683333333
2.405846	5831.52493333333
2.408897	5814.33223333333
2.411948	5811.35066666667
2.414998	5800.08746666667
2.418046	5797.28103333333
2.421094	5786.22083333333
2.424141	5780.3775
2.427187	5772.88736666667
2.430231	5763.2914
2.433275	5749.02213333333
2.436318	5746.8104
2.43936	5732.86823333333
2.442401	5735.55913333333
2.445441	5717.81003333333
2.448479	5710.9292
2.451517	5698.6738
2.454554	5698.44976666667
2.45759	5695.5045
2.460625	5682.89143333333
2.463659	5675.14666666667
2.466692	5661.43036666667
2.469723	5656.42803333333
2.472754	5652.04253333333
2.475784	5645.13986666667
2.478813	5635.13986666667
2.481841	5622.83346666667
2.484868	5625.43253333333
2.487894	5619.1501
2.490918	5616.10526666667
2.493942	5610.74056666667
2.496965	5592.3516
2.499987	5585.61373333333
2.503008	5590.40143333333
2.506027	5578.01633333333
2.509046	5573.98373333333
2.512064	5562.30186666667
2.515081	5556.29916666667
2.518097	5553.65713333333
2.521111	5552.93363333333
2.524125	5539.4724
2.527138	5536.13986666667
2.53015	5528.15736666667
2.53316	5520.56716666667
2.53617	5514.12063333333
2.539179	5513.41453333333
2.542186	5511.11543333333
2.545193	5505.46883333333
2.548199	5497.90753333333
2.551203	5497.47086666667
2.554207	5483.74863333333
2.55721	5479.08033333333
2.560211	5475.7127
2.563212	5478.64833333333
2.566211	5468.54246666667
2.56921	5459.97783333333
2.572207	5455.64043333333
2.575204	5450.13296666667
2.5782	5448.2634
2.581194	5432.43076666667
2.584187	5437.95313333333
2.58718	5433.75653333333
2.590171	5434.42133333333
2.593161	5425.05593333333
2.596151	5421.61793333333
2.599139	5422.34453333333
2.602126	5412.76696666667
2.605112	5410.16086666667
2.608098	5405.1975
2.611082	5400.2811
2.614065	5391.61186666667
2.617047	5394.0185
2.620028	5394.3288
2.623008	5396.2656
2.625987	5384.8698
2.628965	5380.9294
2.631942	5372.86566666667
2.634918	5366.07713333333
2.637893	5366.55873333333
2.640867	5365.0095
2.64384	5366.77876666667
2.646811	5362.57786666667
2.649782	5356.7097
2.652752	5353.17
2.65572	5355.52896666667
2.658688	5346.72673333333
2.661655	5346.9589
2.66462	5340.42176666667
2.667585	5339.562
2.670548	5332.9575
2.673511	5334.68083333333
2.676472	5328.03943333333
2.679432	5331.31923333333
2.682391	5327.42323333333
2.68535	5320.9904
2.688307	5326.0649
2.691263	5318.2948
2.694218	5322.30623333333
2.697172	5312.3371
2.700125	5308.8179
2.703077	5312.17716666667
2.706028	5309.2727
2.708978	5310.43433333333
2.711927	5304.44116666667
2.714875	5305.516
2.717821	5300.87036666667
2.720767	5301.73463333333
2.723711	5296.6029
2.726655	5291.2451
2.729598	5293.93503333333
2.732539	5286.5701
2.73548	5284.99416666667
2.738419	5291.32223333333
2.741357	5287.4564
2.744294	5281.17356666667
2.747231	5279.9541
2.750166	5275.73516666667
2.7531	5284.49026666667
2.756033	5279.1593
2.758965	5281.83933333333
2.761896	5277.9234
2.764825	5279.2066
2.767754	5280.5939
2.770682	5277.89163333333
2.773608	5265.5505
2.776534	5270.27046666667
2.779459	5268.64163333333
2.782382	5266.72163333333
2.785304	5263.22776666667
2.788226	5272.10476666667
2.791146	5270.7143
2.794065	5263.98693333333
2.796983	5270.7076
2.799901	5273.27473333333
2.802817	5260.34733333333
2.805732	5261.81886666667
2.808645	5255.81496666667
2.811558	5267.18753333333
2.81447	5263.33813333333
2.817381	5263.39163333333
2.82029	5260.87916666667
2.823199	5260.72826666667
2.826106	5249.69536666667
2.829013	5257.73256666667
2.831918	5249.5189
2.834822	5248.1419
2.837726	5245.8499
2.840628	5240.03103333333
2.843529	5244.99403333333
2.846429	5247.88273333333
2.849328	5247.7552
2.852226	5235.1916
2.855122	5243.26413333333
2.858018	5238.06673333333
2.860912	5244.404
2.863806	5241.33933333333
2.866698	5240.70126666667
2.86959	5238.81623333333
2.87248	5235.8225
2.875369	5233.86326666667
2.878257	5228.44273333333
2.881145	5238.96393333333
2.884031	5226.80036666667
2.886915	5239.19096666667
2.889799	5229.88263333333
2.892682	5223.62976666667
2.895564	5226.59086666667
2.898444	5231.2782
2.901324	5231.33283333333
2.904202	5222.248
2.907079	5224.23693333333
2.909956	5218.7059
2.912831	5213.48886666667
2.915705	5221.69313333333
2.918578	5205.72753333333
2.92145	5202.39463333333
2.924321	5213.35413333333
2.927191	5203.3181
2.930059	5192.1149
2.932927	5205.2165
2.935793	5188.53796666667
2.938659	5203.03023333333
2.941523	5189.22926666667
2.944386	5180.27216666667
2.947248	5200.0061
2.950109	5188.45916666667
2.952969	5192.284
2.955828	5180.1567
2.958686	5173.04033333333
2.961543	5171.79196666667
2.964398	5163.52896666667
2.967253	5166.725
2.970106	5177.5644
2.972959	5166.5383
2.97581	5147.7855
2.97866	5163.1167
2.981509	5148.13253333333
2.984357	5150.89236666667
2.987204	5140.62466666667
2.99005	5121.68843333333
2.992894	5140.67363333333
2.995738	5144.8943
2.99858	5150.69946666667
3.001422	5131.53126666667
3.004262	5124.85926666667
3.007101	5131.6536
3.009939	5127.41576666667
3.012776	5127.35176666667
3.015612	5110.27666666667
3.018447	5115.25266666667
3.021281	5117.29263333333
3.024114	5119.72846666667
3.026945	5109.09826666667
3.029775	5104.60453333333
3.032605	5094.20153333333
3.035433	5075.50493333333
3.03826	5076.5882
3.041086	5095.36346666667
3.043911	5088.4462
3.046735	5069.58393333333
3.049558	5060.8988
3.052379	5053.2438
3.0552	5059.4886
3.058019	5048.29073333333
3.060838	5062.8921
3.063655	5048.61476666667
3.066471	5048.5198
3.069286	5035.9614
3.072099	5031.3189
3.074913	5010.58436666667
3.077724	5019.68086666667
3.080535	5027.11343333333
3.083344	5011.27346666667
3.086153	5015.90063333333
3.08896	4991.81743333333
3.091766	4985.53596666667
3.094571	4997.3729
3.097375	4974.3196
3.100178	4971.01643333333
3.102979	4981.12716666667
3.10578	4985.11673333333
3.10858	4946.9414
3.111378	4924.00386666667
3.114175	4963.03296666667
3.116971	4934.07926666667
3.119766	4950.7044
3.122561	4916.14456666667
